2 0.129261 0.427083 0.255682 0.341667
0 0.205966 0.506250 0.090909 0.183333
1 0.357244 0.554167 0.259943 0.308333
0 0.221591 0.786458 0.178977 0.260417
0 0.666903 0.222917 0.021307 0.070833
1 0.415483 0.314583 0.134943 0.120833
0 0.782670 0.125000 0.017045 0.029167
2 0.799716 0.109375 0.019886 0.043750
1 0.828125 0.092708 0.022727 0.035417
0 0.867898 0.082292 0.011364 0.022917
1 0.876420 0.109375 0.025568 0.035417
1 0.990767 0.168750 0.018466 0.041667
1 0.983665 0.154167 0.032670 0.033333
1 0.990057 0.125000 0.019886 0.029167
1 0.939631 0.062500 0.015625 0.016667
