2 0.129261 0.423958 0.255682 0.347917
0 0.203835 0.504167 0.092330 0.187500
0 0.284091 0.450000 0.076705 0.183333
1 0.357244 0.556250 0.262784 0.312500
1 0.414773 0.313542 0.139205 0.122917
1 0.573153 0.366667 0.134943 0.175000
0 0.612926 0.255208 0.035511 0.060417
0 0.566051 0.225000 0.029830 0.062500
3 0.881392 0.081250 0.021307 0.045833
0 0.784091 0.127083 0.019886 0.029167
2 0.799716 0.112500 0.019886 0.037500
2 0.815341 0.102083 0.014205 0.037500
1 0.826705 0.088542 0.014205 0.022917
0 0.959517 0.122917 0.009943 0.033333
1 0.992188 0.167708 0.015625 0.039583
1 0.985795 0.154167 0.028409 0.045833
1 0.989347 0.131250 0.021307 0.033333
