2 0.127841 0.428125 0.252841 0.347917
0 0.264915 0.473958 0.072443 0.172917
1 0.414773 0.317708 0.136364 0.127083
1 0.524148 0.422917 0.170455 0.208333
0 0.568182 0.227083 0.031250 0.058333
0 0.784091 0.125000 0.019886 0.033333
0 0.836648 0.109375 0.008523 0.039583
2 0.799716 0.111458 0.019886 0.039583
1 0.990767 0.166667 0.018466 0.037500
1 0.984375 0.153125 0.031250 0.035417
1 0.990767 0.127083 0.018466 0.025000
1 0.940341 0.067708 0.011364 0.014583
1 0.887784 0.067708 0.014205 0.018750
2 0.917614 0.053125 0.011364 0.018750
1 0.872869 0.072917 0.015625 0.020833
1 0.874290 0.053125 0.015625 0.018750
1 0.828835 0.086458 0.009943 0.022917
