2 0.127841 0.427083 0.250000 0.345833
0 0.203835 0.503125 0.092330 0.185417
0 0.282670 0.447917 0.079545 0.170833
1 0.355824 0.552083 0.262784 0.312500
0 0.540483 0.301042 0.026989 0.081250
1 0.563210 0.375000 0.143466 0.179167
1 0.414773 0.316667 0.139205 0.129167
0 0.565341 0.221875 0.031250 0.060417
0 0.784091 0.125000 0.017045 0.025000
2 0.799716 0.112500 0.022727 0.037500
2 0.813210 0.101042 0.018466 0.039583
3 0.883523 0.085417 0.022727 0.045833
1 0.990057 0.170833 0.019886 0.045833
1 0.985085 0.152083 0.029830 0.045833
1 0.990057 0.125000 0.019886 0.025000
0 0.956676 0.116667 0.012784 0.033333
1 0.939631 0.062500 0.012784 0.020833
1 0.828125 0.081250 0.014205 0.025000
