2 0.129972 0.427083 0.257102 0.354167
1 0.433239 0.308333 0.133523 0.116667
0 0.566761 0.226042 0.031250 0.060417
2 0.798295 0.319792 0.093750 0.147917
1 0.808949 0.176042 0.044034 0.060417
0 0.783381 0.125000 0.021307 0.029167
2 0.801136 0.111458 0.019886 0.039583
1 0.934659 0.157292 0.034091 0.039583
1 0.990057 0.167708 0.019886 0.035417
1 0.985085 0.153125 0.029830 0.035417
1 0.992188 0.123958 0.015625 0.027083
1 0.879972 0.083333 0.015625 0.025000
1 0.909091 0.084375 0.019886 0.022917
1 0.830966 0.085417 0.011364 0.020833
1 0.938210 0.065625 0.012784 0.014583
