2 0.128551 0.427083 0.254261 0.350000
0 0.200994 0.506250 0.092330 0.191667
1 0.415483 0.315625 0.137784 0.127083
1 0.448864 0.487500 0.210227 0.262500
0 0.564631 0.223958 0.035511 0.060417
0 0.825994 0.122917 0.012784 0.037500
0 0.785511 0.122917 0.014205 0.029167
2 0.800426 0.110417 0.018466 0.037500
1 0.828125 0.084375 0.011364 0.027083
1 0.844460 0.075000 0.009943 0.016667
1 0.865767 0.079167 0.015625 0.025000
1 0.873580 0.056250 0.011364 0.025000
1 0.887784 0.070833 0.014205 0.020833
1 0.938920 0.062500 0.011364 0.016667
2 0.923295 0.051042 0.011364 0.022917
1 0.991477 0.168750 0.017045 0.045833
1 0.984375 0.153125 0.031250 0.039583
1 0.991477 0.125000 0.017045 0.025000
