2 0.127841 0.426042 0.252841 0.339583
1 0.415483 0.319792 0.137784 0.127083
1 0.696733 0.272917 0.086648 0.129167
0 0.566051 0.226042 0.029830 0.056250
1 0.844460 0.145833 0.032670 0.045833
2 0.893466 0.168750 0.051136 0.087500
0 0.937500 0.175000 0.017045 0.058333
0 0.833097 0.112500 0.007102 0.029167
0 0.783381 0.122917 0.015625 0.029167
2 0.801847 0.108333 0.021307 0.037500
1 0.828125 0.081250 0.011364 0.020833
1 0.887074 0.071875 0.012784 0.018750
1 0.907670 0.062500 0.011364 0.020833
1 0.873580 0.053125 0.017045 0.022917
1 0.989347 0.170833 0.021307 0.041667
1 0.984375 0.154167 0.031250 0.037500
1 0.990767 0.123958 0.018466 0.018750
1 0.938920 0.063542 0.014205 0.018750
1 0.845170 0.073958 0.011364 0.018750
