2 0.128551 0.428125 0.254261 0.347917
2 0.476562 0.730208 0.299716 0.460417
1 0.459517 0.297917 0.123580 0.120833
0 0.567472 0.226042 0.032670 0.060417
1 0.835938 0.152083 0.032670 0.041667
1 0.931108 0.203125 0.046875 0.060417
0 0.782670 0.123958 0.019886 0.027083
2 0.800426 0.110417 0.021307 0.041667
1 0.829545 0.083333 0.008523 0.025000
1 0.844460 0.073958 0.012784 0.022917
1 0.881392 0.077083 0.012784 0.020833
1 0.910511 0.094792 0.017045 0.027083
1 0.907670 0.073958 0.014205 0.018750
0 0.928977 0.069792 0.005682 0.022917
1 0.940341 0.068750 0.011364 0.020833
1 0.990057 0.166667 0.019886 0.037500
1 0.985085 0.154167 0.029830 0.041667
1 0.992188 0.121875 0.015625 0.027083
