2 0.127841 0.429167 0.252841 0.350000
0 0.205256 0.506250 0.089489 0.187500
0 0.286222 0.444792 0.075284 0.156250
1 0.356534 0.554167 0.258523 0.312500
1 0.414773 0.315625 0.133523 0.118750
1 0.733665 0.246875 0.072443 0.102083
0 0.566051 0.223958 0.032670 0.060417
0 0.812500 0.141667 0.011364 0.041667
0 0.782670 0.123958 0.017045 0.027083
2 0.799716 0.112500 0.022727 0.041667
0 0.973011 0.212500 0.017045 0.066667
1 0.991477 0.168750 0.017045 0.037500
1 0.984375 0.153125 0.031250 0.035417
1 0.991477 0.123958 0.017045 0.027083
3 0.879972 0.069792 0.015625 0.031250
1 0.829545 0.083333 0.008523 0.025000
1 0.937500 0.063542 0.017045 0.018750
