2 0.129261 0.428125 0.255682 0.343750
1 0.414062 0.318750 0.140625 0.129167
0 0.566051 0.227083 0.032670 0.058333
1 0.794034 0.192708 0.051136 0.077083
2 0.837358 0.233333 0.083807 0.133333
0 0.938210 0.214583 0.026989 0.062500
1 0.862216 0.122917 0.025568 0.037500
0 0.782670 0.121875 0.014205 0.027083
2 0.801136 0.108333 0.022727 0.041667
0 0.840909 0.103125 0.008523 0.035417
1 0.990057 0.162500 0.017045 0.037500
1 0.985795 0.151042 0.028409 0.039583
1 0.990767 0.127083 0.018466 0.029167
1 0.829545 0.081250 0.011364 0.020833
1 0.908381 0.062500 0.009943 0.020833
1 0.887074 0.065625 0.009943 0.014583
1 0.937500 0.064583 0.017045 0.020833
1 0.872869 0.055208 0.015625 0.022917
