2 0.127131 0.427083 0.251420 0.345833
0 0.203835 0.505208 0.089489 0.185417
0 0.285511 0.442708 0.082386 0.164583
1 0.355114 0.552083 0.261364 0.312500
1 0.415483 0.314583 0.140625 0.120833
0 0.565341 0.221875 0.031250 0.056250
1 0.688920 0.283333 0.088068 0.133333
0 0.787642 0.159375 0.018466 0.047917
0 0.964489 0.186458 0.017045 0.056250
0 0.781960 0.125000 0.015625 0.029167
2 0.799006 0.112500 0.021307 0.037500
1 0.814631 0.100000 0.012784 0.033333
3 0.880682 0.069792 0.017045 0.031250
1 0.990057 0.169792 0.019886 0.047917
1 0.984375 0.154167 0.028409 0.037500
1 0.989347 0.125000 0.021307 0.033333
1 0.936790 0.065625 0.015625 0.022917
1 0.828125 0.085417 0.011364 0.020833
