2 0.128551 0.390625 0.254261 0.272917
1 0.117188 0.617708 0.231534 0.318750
1 0.530540 0.270833 0.109375 0.100000
1 0.903409 0.138542 0.031250 0.052083
0 0.782670 0.126042 0.017045 0.027083
2 0.801136 0.111458 0.017045 0.039583
1 0.870028 0.111458 0.018466 0.031250
1 0.909801 0.092708 0.021307 0.027083
1 0.990767 0.168750 0.018466 0.041667
1 0.985795 0.154167 0.028409 0.041667
1 0.990057 0.123958 0.019886 0.027083
0 0.935369 0.085417 0.009943 0.020833
1 0.920455 0.072917 0.014205 0.016667
1 0.906250 0.068750 0.014205 0.016667
1 0.886364 0.061458 0.011364 0.022917
1 0.829545 0.086458 0.011364 0.027083
1 0.843750 0.072917 0.014205 0.020833
1 0.938920 0.064583 0.014205 0.016667
