2 0.129972 0.426042 0.254261 0.347917
1 0.397727 0.387500 0.150568 0.170833
2 0.554688 0.412500 0.171875 0.195833
1 0.772017 0.342708 0.100852 0.139583
1 0.591619 0.243750 0.086648 0.083333
0 0.782670 0.125000 0.019886 0.029167
1 0.904119 0.138542 0.032670 0.043750
2 0.801136 0.110417 0.017045 0.033333
1 0.877841 0.087500 0.014205 0.025000
0 0.948153 0.111458 0.009943 0.031250
1 0.925426 0.091667 0.015625 0.029167
1 0.909091 0.086458 0.014205 0.022917
1 0.908381 0.067708 0.012784 0.010417
1 0.830256 0.086458 0.009943 0.031250
1 0.991477 0.168750 0.017045 0.045833
1 0.985795 0.158333 0.028409 0.045833
1 0.990057 0.126042 0.019886 0.027083
1 0.937500 0.066667 0.008523 0.020833
