2 0.127841 0.429167 0.252841 0.350000
1 0.415483 0.318750 0.137784 0.125000
2 0.647727 0.438542 0.201705 0.306250
0 0.566761 0.221875 0.031250 0.060417
0 0.782670 0.122917 0.017045 0.029167
2 0.800426 0.111458 0.021307 0.039583
1 0.839489 0.154167 0.036932 0.062500
1 0.870739 0.106250 0.019886 0.033333
0 0.845881 0.093750 0.009943 0.029167
1 0.828835 0.086458 0.009943 0.022917
0 0.927557 0.282292 0.031250 0.089583
1 0.990767 0.167708 0.018466 0.039583
1 0.985795 0.154167 0.028409 0.037500
1 0.992188 0.122917 0.015625 0.025000
1 0.908381 0.069792 0.012784 0.022917
2 0.873580 0.051042 0.011364 0.022917
1 0.939631 0.064583 0.009943 0.016667
1 0.889205 0.065625 0.008523 0.018750
