2 0.127841 0.427083 0.252841 0.345833
0 0.206676 0.505208 0.086648 0.189583
1 0.356534 0.556250 0.264205 0.308333
0 0.282670 0.444792 0.079545 0.168750
1 0.415483 0.317708 0.137784 0.127083
1 0.588778 0.356250 0.132102 0.170833
0 0.566761 0.222917 0.031250 0.054167
0 0.669744 0.238542 0.021307 0.081250
0 0.779830 0.120833 0.022727 0.029167
2 0.800426 0.110417 0.021307 0.041667
1 0.813210 0.098958 0.012784 0.031250
3 0.882102 0.079167 0.022727 0.041667
3 0.953835 0.134375 0.012784 0.043750
1 0.989347 0.166667 0.021307 0.041667
1 0.983665 0.153125 0.032670 0.043750
1 0.989347 0.126042 0.021307 0.022917
1 0.937500 0.064583 0.014205 0.020833
1 0.828835 0.085417 0.009943 0.025000
