2 0.127841 0.429167 0.252841 0.350000
0 0.206676 0.507292 0.089489 0.185417
1 0.356534 0.552083 0.261364 0.304167
1 0.415483 0.315625 0.134943 0.118750
0 0.450284 0.346875 0.051136 0.106250
0 0.566761 0.225000 0.028409 0.058333
1 0.835227 0.163542 0.042614 0.060417
0 0.925426 0.403125 0.044034 0.131250
0 0.857955 0.105208 0.011364 0.031250
0 0.783381 0.125000 0.018466 0.029167
2 0.800426 0.112500 0.024148 0.045833
1 0.815341 0.102083 0.019886 0.033333
1 0.830256 0.083333 0.009943 0.025000
1 0.936790 0.063542 0.012784 0.014583
1 0.990057 0.168750 0.019886 0.041667
1 0.985085 0.155208 0.029830 0.039583
1 0.990057 0.123958 0.019886 0.022917
