2 0.129261 0.428125 0.255682 0.347917
1 0.482244 0.288542 0.117898 0.110417
0 0.567472 0.222917 0.035511 0.054167
1 0.909801 0.278125 0.069602 0.089583
1 0.852273 0.134375 0.028409 0.039583
1 0.911932 0.107292 0.022727 0.031250
0 0.782670 0.125000 0.017045 0.025000
2 0.802557 0.110417 0.019886 0.037500
1 0.830256 0.085417 0.009943 0.025000
1 0.842330 0.073958 0.014205 0.022917
1 0.882102 0.072917 0.011364 0.020833
1 0.907670 0.080208 0.017045 0.027083
0 0.929688 0.072917 0.007102 0.020833
1 0.939631 0.064583 0.009943 0.016667
1 0.911222 0.064583 0.012784 0.020833
1 0.990767 0.170833 0.018466 0.041667
1 0.985085 0.155208 0.029830 0.047917
1 0.991477 0.126042 0.017045 0.022917
