2 0.130682 0.427083 0.258523 0.345833
0 0.205256 0.500000 0.089489 0.183333
0 0.303977 0.435417 0.076705 0.158333
1 0.355114 0.553125 0.261364 0.302083
1 0.414773 0.316667 0.142045 0.125000
0 0.566051 0.225000 0.032670 0.054167
1 0.773438 0.215625 0.061080 0.081250
0 0.980824 0.256250 0.024148 0.079167
0 0.830966 0.127083 0.011364 0.037500
0 0.783381 0.122917 0.015625 0.029167
2 0.798295 0.113542 0.022727 0.039583
1 0.830966 0.085417 0.008523 0.025000
3 0.879261 0.066667 0.014205 0.029167
1 0.991477 0.166667 0.017045 0.041667
1 0.985795 0.153125 0.028409 0.039583
1 0.990767 0.126042 0.018466 0.027083
1 0.937500 0.065625 0.014205 0.018750
