2 0.128551 0.425000 0.254261 0.341667
0 0.206676 0.505208 0.092330 0.185417
1 0.372159 0.545833 0.255682 0.300000
1 0.414773 0.317708 0.139205 0.131250
0 0.565341 0.223958 0.034091 0.060417
0 0.772727 0.157292 0.017045 0.047917
0 0.783381 0.123958 0.015625 0.031250
2 0.799716 0.109375 0.019886 0.043750
1 0.828125 0.084375 0.011364 0.031250
1 0.849432 0.087500 0.019886 0.029167
1 0.884943 0.086458 0.019886 0.027083
1 0.938210 0.063542 0.015625 0.022917
1 0.990767 0.166667 0.018466 0.041667
1 0.986506 0.153125 0.026989 0.035417
1 0.989347 0.123958 0.021307 0.022917
