2 0.128551 0.428125 0.254261 0.347917
0 0.206676 0.502083 0.086648 0.183333
1 0.358665 0.554167 0.259943 0.308333
0 0.602983 0.687500 0.109375 0.229167
0 0.596591 0.263542 0.028409 0.081250
1 0.416193 0.316667 0.136364 0.125000
0 0.784801 0.125000 0.015625 0.029167
2 0.800426 0.109375 0.021307 0.039583
1 0.819602 0.097917 0.019886 0.029167
1 0.867898 0.126042 0.031250 0.043750
0 0.867188 0.087500 0.012784 0.020833
1 0.990767 0.166667 0.018466 0.045833
1 0.984375 0.154167 0.031250 0.037500
1 0.991477 0.125000 0.017045 0.029167
1 0.938210 0.063542 0.012784 0.022917
1 0.871449 0.059375 0.015625 0.027083
