2 0.127131 0.427083 0.251420 0.350000
0 0.205256 0.503125 0.086648 0.181250
0 0.284091 0.447917 0.082386 0.175000
1 0.355824 0.551042 0.262784 0.310417
1 0.415483 0.316667 0.134943 0.125000
1 0.612926 0.333333 0.120739 0.154167
0 0.720881 0.204167 0.018466 0.054167
0 0.566051 0.225000 0.032670 0.054167
0 0.783381 0.123958 0.015625 0.022917
0 0.948153 0.150000 0.018466 0.050000
1 0.990057 0.164583 0.017045 0.037500
1 0.984375 0.153125 0.028409 0.043750
1 0.990767 0.127083 0.018466 0.020833
3 0.882102 0.073958 0.019886 0.039583
2 0.801136 0.108333 0.019886 0.037500
1 0.828835 0.087500 0.012784 0.020833
1 0.938920 0.064583 0.014205 0.020833
1 0.844460 0.072917 0.012784 0.020833
