2 0.128551 0.427083 0.254261 0.350000
0 0.205256 0.505208 0.089489 0.181250
1 0.401278 0.522917 0.237216 0.287500
1 0.415483 0.314583 0.134943 0.125000
0 0.566051 0.223958 0.032670 0.056250
0 0.781960 0.123958 0.018466 0.031250
0 0.803977 0.134375 0.014205 0.052083
1 0.830256 0.083333 0.009943 0.020833
1 0.856534 0.083333 0.017045 0.025000
1 0.887784 0.079167 0.014205 0.025000
1 0.991477 0.167708 0.017045 0.043750
1 0.984375 0.154167 0.031250 0.041667
1 0.990767 0.126042 0.018466 0.022917
1 0.938920 0.063542 0.017045 0.018750
1 0.870739 0.066667 0.017045 0.020833
1 0.874290 0.054167 0.012784 0.020833
