2 0.127841 0.422917 0.252841 0.345833
0 0.204545 0.507292 0.085227 0.189583
0 0.285511 0.451042 0.079545 0.172917
1 0.417614 0.315625 0.144886 0.122917
0 0.465199 0.365625 0.044034 0.127083
1 0.563210 0.371875 0.137784 0.172917
0 0.566051 0.226042 0.029830 0.056250
0 0.782670 0.125000 0.017045 0.029167
2 0.800426 0.109375 0.021307 0.039583
1 0.817472 0.096875 0.018466 0.043750
3 0.879261 0.089583 0.022727 0.045833
1 0.865767 0.081250 0.018466 0.029167
1 0.991477 0.168750 0.017045 0.045833
1 0.984375 0.151042 0.031250 0.043750
1 0.990057 0.125000 0.019886 0.025000
0 0.954545 0.107292 0.011364 0.031250
1 0.937500 0.062500 0.014205 0.020833
