2 0.128551 0.425000 0.254261 0.341667
1 0.508523 0.279167 0.113636 0.104167
1 0.837358 0.472917 0.126420 0.170833
0 0.566761 0.232292 0.031250 0.068750
0 0.784091 0.121875 0.019886 0.031250
2 0.801847 0.111458 0.021307 0.039583
1 0.865057 0.121875 0.022727 0.039583
1 0.909801 0.121875 0.026989 0.039583
1 0.909091 0.086458 0.019886 0.027083
1 0.828835 0.084375 0.012784 0.027083
1 0.843040 0.073958 0.012784 0.018750
1 0.883523 0.065625 0.011364 0.018750
1 0.909091 0.064583 0.014205 0.016667
0 0.932528 0.077083 0.007102 0.020833
1 0.939631 0.063542 0.012784 0.018750
1 0.990057 0.168750 0.019886 0.045833
1 0.983665 0.155208 0.032670 0.047917
1 0.989347 0.125000 0.021307 0.029167
