2 0.128551 0.427083 0.254261 0.350000
2 0.222301 0.668750 0.401989 0.404167
1 0.362216 0.411458 0.161932 0.177083
1 0.574574 0.255208 0.089489 0.089583
1 0.858665 0.223958 0.058239 0.081250
1 0.911932 0.120833 0.025568 0.037500
0 0.782670 0.127083 0.017045 0.029167
2 0.800426 0.108333 0.021307 0.041667
1 0.877131 0.090625 0.018466 0.027083
1 0.828125 0.084375 0.011364 0.022917
0 0.943892 0.102083 0.007102 0.029167
1 0.926136 0.084375 0.014205 0.022917
1 0.907670 0.076042 0.014205 0.027083
1 0.843750 0.076042 0.008523 0.022917
1 0.939631 0.064583 0.009943 0.016667
1 0.990767 0.171875 0.018466 0.043750
1 0.983665 0.157292 0.032670 0.047917
1 0.990057 0.128125 0.019886 0.039583
