2 0.129261 0.425000 0.255682 0.350000
0 0.205256 0.506250 0.092330 0.191667
1 0.356534 0.552083 0.258523 0.312500
1 0.413352 0.316667 0.139205 0.125000
0 0.565341 0.227083 0.028409 0.058333
0 0.727273 0.185417 0.017045 0.054167
0 0.784091 0.126042 0.017045 0.027083
2 0.801136 0.110417 0.019886 0.041667
1 0.838778 0.088542 0.015625 0.031250
1 0.881392 0.096875 0.021307 0.035417
0 0.870028 0.075000 0.009943 0.025000
1 0.871449 0.054167 0.012784 0.029167
1 0.938210 0.064583 0.012784 0.016667
1 0.990057 0.168750 0.019886 0.041667
1 0.985085 0.154167 0.029830 0.041667
1 0.992188 0.126042 0.015625 0.027083
