2 0.128551 0.431250 0.254261 0.354167
1 0.418324 0.317708 0.137784 0.122917
1 0.765625 0.212500 0.056818 0.079167
2 0.873580 0.216667 0.053977 0.091667
0 0.567472 0.225000 0.035511 0.062500
0 0.781250 0.126042 0.019886 0.035417
2 0.800426 0.109375 0.021307 0.035417
1 0.827415 0.085417 0.009943 0.025000
1 0.877131 0.093750 0.015625 0.025000
1 0.934659 0.132292 0.028409 0.035417
1 0.990767 0.171875 0.018466 0.043750
1 0.985085 0.156250 0.029830 0.045833
1 0.991477 0.126042 0.017045 0.027083
1 0.907670 0.077083 0.017045 0.025000
1 0.885653 0.064583 0.012784 0.020833
1 0.938210 0.066667 0.012784 0.016667
