2 0.128551 0.427083 0.254261 0.350000
0 0.205966 0.503125 0.085227 0.185417
1 0.357955 0.554167 0.261364 0.304167
1 0.414773 0.315625 0.139205 0.122917
0 0.525568 0.305208 0.034091 0.114583
0 0.825284 0.535417 0.059659 0.175000
0 0.564631 0.228125 0.029830 0.047917
1 0.855114 0.141667 0.036932 0.045833
1 0.990767 0.167708 0.018466 0.043750
1 0.985085 0.157292 0.029830 0.039583
1 0.990057 0.125000 0.019886 0.025000
1 0.936790 0.062500 0.012784 0.016667
0 0.862926 0.094792 0.012784 0.022917
0 0.783381 0.123958 0.015625 0.031250
2 0.801136 0.112500 0.019886 0.037500
1 0.873580 0.060417 0.011364 0.020833
2 0.818182 0.096875 0.014205 0.027083
1 0.830256 0.084375 0.012784 0.022917
