2 0.129261 0.423958 0.255682 0.339583
0 0.203835 0.508333 0.086648 0.191667
1 0.356534 0.552083 0.261364 0.304167
0 0.369318 0.380208 0.056818 0.097917
1 0.415483 0.319792 0.132102 0.122917
0 0.566761 0.230208 0.034091 0.064583
0 0.783381 0.125000 0.015625 0.033333
1 0.808239 0.183333 0.048295 0.066667
0 0.970881 0.318750 0.032670 0.104167
1 0.990057 0.166667 0.019886 0.041667
1 0.985795 0.155208 0.028409 0.039583
1 0.992188 0.123958 0.015625 0.027083
0 0.846591 0.114583 0.014205 0.029167
3 0.876420 0.064583 0.017045 0.033333
2 0.801847 0.110417 0.018466 0.037500
1 0.815341 0.101042 0.011364 0.031250
1 0.829545 0.085417 0.014205 0.029167
1 0.939631 0.064583 0.012784 0.025000
