2 0.128551 0.428125 0.254261 0.347917
0 0.205256 0.506250 0.086648 0.187500
0 0.285511 0.450000 0.073864 0.175000
1 0.357244 0.553125 0.259943 0.306250
1 0.416193 0.315625 0.136364 0.118750
1 0.651989 0.306250 0.105114 0.137500
0 0.759943 0.179167 0.019886 0.054167
0 0.565341 0.223958 0.034091 0.056250
0 0.779830 0.126042 0.022727 0.039583
2 0.799716 0.113542 0.019886 0.039583
0 0.954545 0.163542 0.017045 0.047917
1 0.990767 0.169792 0.018466 0.043750
1 0.985085 0.156250 0.029830 0.041667
1 0.990767 0.125000 0.018466 0.025000
3 0.880682 0.072917 0.019886 0.029167
1 0.828835 0.085417 0.009943 0.020833
1 0.938210 0.066667 0.012784 0.012500
