2 0.129972 0.428125 0.257102 0.352083
1 0.286932 0.481250 0.207386 0.237500
1 0.553267 0.261458 0.098011 0.097917
0 0.782670 0.128125 0.017045 0.035417
2 0.801847 0.109375 0.018466 0.039583
1 0.887784 0.169792 0.039773 0.056250
1 0.873580 0.101042 0.019886 0.031250
1 0.911932 0.105208 0.022727 0.031250
0 0.939631 0.090625 0.009943 0.022917
1 0.906960 0.070833 0.012784 0.025000
1 0.923295 0.083333 0.014205 0.025000
1 0.990057 0.166667 0.019886 0.037500
1 0.984375 0.150000 0.031250 0.045833
1 0.988636 0.129167 0.022727 0.041667
1 0.828835 0.084375 0.012784 0.022917
1 0.844460 0.076042 0.009943 0.022917
1 0.888494 0.058333 0.015625 0.020833
1 0.938920 0.064583 0.014205 0.020833
