2 0.121449 0.435417 0.240057 0.358333
1 0.415483 0.318750 0.137784 0.125000
1 0.487926 0.429167 0.177557 0.216667
0 0.564631 0.226042 0.026989 0.064583
1 0.768466 0.170833 0.039773 0.058333
3 0.824574 0.162500 0.061080 0.104167
0 0.784091 0.120833 0.017045 0.029167
2 0.801136 0.111458 0.019886 0.035417
1 0.862926 0.135417 0.021307 0.037500
0 0.964489 0.446875 0.048295 0.139583
1 0.991477 0.166667 0.017045 0.037500
1 0.990057 0.154167 0.019886 0.045833
1 0.992188 0.121875 0.015625 0.022917
1 0.876420 0.104167 0.017045 0.025000
1 0.882102 0.085417 0.022727 0.020833
1 0.856534 0.084375 0.017045 0.022917
1 0.829545 0.084375 0.008523 0.022917
1 0.938920 0.063542 0.019886 0.018750
