2 0.105824 0.432292 0.208807 0.335417
1 0.339489 0.538542 0.258523 0.289583
1 0.414062 0.316667 0.143466 0.125000
0 0.563920 0.227083 0.039773 0.062500
1 0.721591 0.210417 0.059659 0.070833
3 0.797585 0.185417 0.075284 0.120833
0 0.782670 0.125000 0.017045 0.020833
2 0.800426 0.107292 0.021307 0.031250
1 0.852983 0.150000 0.026989 0.037500
0 0.977983 0.312500 0.029830 0.108333
1 0.872869 0.111458 0.015625 0.031250
1 0.852983 0.091667 0.015625 0.029167
1 0.884943 0.096875 0.014205 0.031250
1 0.884943 0.076042 0.017045 0.022917
1 0.829545 0.083333 0.008523 0.020833
1 0.936080 0.062500 0.014205 0.020833
1 0.990057 0.168750 0.019886 0.045833
1 0.984375 0.151042 0.028409 0.047917
1 0.991477 0.123958 0.017045 0.022917
