2 0.127131 0.426042 0.251420 0.343750
1 0.161932 0.745833 0.321023 0.470833
1 0.413352 0.316667 0.142045 0.125000
1 0.547585 0.388542 0.146307 0.197917
0 0.566761 0.226042 0.028409 0.056250
1 0.802557 0.148958 0.034091 0.047917
3 0.843750 0.143750 0.042614 0.087500
1 0.872869 0.128125 0.009943 0.031250
0 0.901278 0.791667 0.078125 0.270833
0 0.781960 0.123958 0.015625 0.031250
2 0.800426 0.110417 0.021307 0.033333
1 0.829545 0.086458 0.011364 0.027083
1 0.879972 0.100000 0.015625 0.025000
1 0.883523 0.079167 0.019886 0.016667
1 0.859375 0.078125 0.017045 0.022917
1 0.992898 0.166667 0.014205 0.037500
1 0.985085 0.156250 0.029830 0.045833
1 0.992188 0.127083 0.015625 0.029167
1 0.936790 0.063542 0.012784 0.010417
0 0.937500 0.079167 0.008523 0.020833
