2 0.127841 0.404167 0.250000 0.300000
0 0.056108 0.636458 0.109375 0.231250
0 0.252131 0.461458 0.089489 0.181250
1 0.349432 0.561458 0.272727 0.318750
1 0.565341 0.373958 0.142045 0.185417
1 0.413352 0.317708 0.139205 0.127083
0 0.566761 0.227083 0.031250 0.058333
0 0.781250 0.125000 0.019886 0.029167
1 0.836648 0.115625 0.022727 0.035417
3 0.865057 0.121875 0.034091 0.072917
2 0.800426 0.109375 0.015625 0.035417
1 0.991477 0.169792 0.017045 0.035417
1 0.985085 0.155208 0.029830 0.035417
1 0.988636 0.123958 0.022727 0.022917
1 0.863636 0.070833 0.017045 0.029167
1 0.884943 0.071875 0.019886 0.022917
0 0.943892 0.080208 0.009943 0.031250
1 0.939631 0.065625 0.015625 0.022917
