2 0.127131 0.429167 0.251420 0.345833
0 0.159801 0.508333 0.069602 0.162500
0 0.176136 0.570833 0.107955 0.212500
0 0.285511 0.444792 0.079545 0.156250
1 0.357955 0.554167 0.264205 0.312500
1 0.418324 0.316667 0.132102 0.125000
1 0.562500 0.373958 0.144886 0.181250
0 0.563920 0.225000 0.031250 0.058333
0 0.782670 0.125000 0.019886 0.029167
2 0.799716 0.110417 0.019886 0.037500
1 0.813920 0.105208 0.017045 0.035417
1 0.848722 0.100000 0.021307 0.037500
3 0.872159 0.112500 0.031250 0.066667
1 0.991477 0.171875 0.017045 0.039583
1 0.983665 0.155208 0.032670 0.035417
1 0.988636 0.126042 0.022727 0.027083
0 0.945312 0.086458 0.009943 0.027083
1 0.938920 0.064583 0.014205 0.025000
1 0.866477 0.068750 0.014205 0.016667
1 0.883523 0.067708 0.017045 0.018750
