2 0.127131 0.429167 0.251420 0.350000
0 0.205256 0.505208 0.089489 0.185417
0 0.283381 0.443750 0.080966 0.162500
1 0.355114 0.550000 0.261364 0.308333
1 0.414773 0.314583 0.136364 0.125000
1 0.562500 0.375000 0.142045 0.179167
0 0.566051 0.228125 0.032670 0.052083
0 0.781250 0.125000 0.019886 0.029167
3 0.879261 0.097917 0.025568 0.045833
1 0.859375 0.086458 0.014205 0.031250
1 0.991477 0.168750 0.017045 0.045833
1 0.984375 0.155208 0.031250 0.039583
1 0.990057 0.121875 0.019886 0.022917
0 0.953835 0.100000 0.012784 0.029167
1 0.938210 0.063542 0.015625 0.018750
1 0.887784 0.068750 0.014205 0.016667
2 0.800426 0.110417 0.018466 0.033333
1 0.828125 0.087500 0.014205 0.029167
