2 0.068892 0.434375 0.134943 0.297917
1 0.075284 0.753125 0.142045 0.318750
1 0.416193 0.319792 0.139205 0.122917
0 0.566761 0.228125 0.031250 0.060417
1 0.647017 0.251042 0.086648 0.085417
3 0.757102 0.213542 0.093750 0.147917
0 0.784091 0.122917 0.019886 0.033333
1 0.843040 0.165625 0.035511 0.047917
0 0.974432 0.239583 0.022727 0.075000
2 0.866477 0.125000 0.022727 0.045833
1 0.850142 0.094792 0.018466 0.031250
1 0.883523 0.105208 0.014205 0.027083
1 0.882812 0.081250 0.015625 0.020833
1 0.990767 0.167708 0.018466 0.043750
1 0.985085 0.155208 0.029830 0.031250
1 0.990767 0.125000 0.018466 0.020833
1 0.938210 0.062500 0.009943 0.016667
2 0.801136 0.112500 0.017045 0.037500
1 0.828125 0.085417 0.014205 0.020833
