2 0.127131 0.426042 0.251420 0.343750
0 0.203125 0.506250 0.085227 0.183333
0 0.269886 0.488542 0.056818 0.139583
0 0.291193 0.419792 0.065341 0.114583
1 0.356534 0.554167 0.264205 0.312500
1 0.414773 0.318750 0.139205 0.129167
0 0.566761 0.221875 0.028409 0.064583
1 0.561080 0.372917 0.142045 0.179167
0 0.782670 0.123958 0.017045 0.027083
2 0.801136 0.109375 0.017045 0.035417
1 0.816761 0.095833 0.014205 0.033333
1 0.852983 0.091667 0.018466 0.025000
3 0.876420 0.108333 0.028409 0.066667
1 0.991477 0.168750 0.017045 0.045833
1 0.985795 0.152083 0.025568 0.041667
1 0.937500 0.061458 0.017045 0.018750
0 0.950284 0.094792 0.008523 0.035417
