2 0.129261 0.423958 0.255682 0.343750
0 0.101562 0.536458 0.143466 0.206250
1 0.296165 0.603125 0.299716 0.352083
1 0.416193 0.317708 0.136364 0.127083
1 0.561790 0.369792 0.137784 0.172917
0 0.566761 0.225000 0.034091 0.058333
0 0.781960 0.125000 0.018466 0.033333
2 0.797585 0.113542 0.024148 0.039583
1 0.823864 0.126042 0.022727 0.035417
3 0.857244 0.135417 0.044034 0.083333
1 0.882812 0.083333 0.012784 0.029167
1 0.860085 0.077083 0.018466 0.025000
1 0.830966 0.088542 0.008523 0.022917
1 0.990057 0.165625 0.019886 0.039583
1 0.983665 0.154167 0.032670 0.041667
1 0.990767 0.129167 0.018466 0.033333
0 0.940341 0.084375 0.005682 0.031250
1 0.941051 0.066667 0.015625 0.025000
