1 0.162642 0.742708 0.322443 0.406250
1 0.828835 0.602083 0.217330 0.345833
1 0.270597 0.395833 0.205966 0.175000
1 0.413352 0.320833 0.136364 0.125000
1 0.553267 0.373958 0.146307 0.189583
1 0.647017 0.244792 0.075284 0.089583
1 0.544034 0.313542 0.116477 0.114583
1 0.906250 0.179167 0.042614 0.054167
2 0.752131 0.191667 0.103693 0.179167
2 0.704545 0.163542 0.031250 0.089583
1 0.816051 0.196875 0.041193 0.064583
1 0.840199 0.156250 0.038352 0.058333
1 0.865767 0.146875 0.024148 0.039583
0 0.843750 0.111458 0.011364 0.027083
3 0.828125 0.084375 0.036932 0.068750
0 0.566051 0.226042 0.035511 0.068750
0 0.316761 0.416667 0.068182 0.154167
