0 0.119318 0.495833 0.107955 0.195833
1 0.316761 0.548958 0.281250 0.352083
1 0.271307 0.395833 0.207386 0.175000
1 0.411932 0.320833 0.136364 0.125000
1 0.561080 0.401042 0.150568 0.172917
1 0.522017 0.323958 0.117898 0.118750
1 0.678267 0.305208 0.092330 0.110417
1 0.746449 0.233333 0.069602 0.100000
0 0.565341 0.226042 0.031250 0.064583
2 0.804688 0.158333 0.072443 0.137500
1 0.860795 0.136458 0.028409 0.039583
0 0.768466 0.163542 0.017045 0.056250
1 0.879261 0.098958 0.022727 0.035417
3 0.829545 0.072917 0.042614 0.050000
