1 0.457386 0.468750 0.196023 0.212500
1 0.270597 0.394792 0.211648 0.172917
1 0.413352 0.320833 0.133523 0.129167
1 0.503551 0.332292 0.123580 0.118750
2 0.714489 0.411458 0.181818 0.243750
2 0.715199 0.168750 0.058239 0.100000
2 0.846591 0.237500 0.088068 0.141667
1 0.942472 0.304167 0.083807 0.116667
1 0.690341 0.273958 0.099432 0.131250
0 0.565341 0.228125 0.034091 0.068750
0 0.766335 0.182292 0.018466 0.060417
1 0.803267 0.162500 0.041193 0.058333
0 0.938920 0.195833 0.025568 0.066667
1 0.984375 0.198958 0.031250 0.081250
1 0.910511 0.158333 0.039773 0.058333
1 0.808239 0.122917 0.025568 0.037500
1 0.854403 0.152083 0.035511 0.045833
1 0.868608 0.135417 0.026989 0.037500
3 0.827415 0.084375 0.035511 0.068750
1 0.856534 0.097917 0.022727 0.029167
1 0.823153 0.188542 0.046875 0.060417
