1 0.271307 0.393750 0.207386 0.166667
1 0.411932 0.321875 0.136364 0.122917
1 0.526989 0.391667 0.164773 0.220833
1 0.735795 0.257292 0.079545 0.089583
1 0.590909 0.281250 0.085227 0.091667
0 0.564631 0.223958 0.035511 0.060417
1 0.830966 0.172917 0.042614 0.054167
1 0.906960 0.150000 0.035511 0.041667
1 0.801847 0.123958 0.024148 0.039583
1 0.848722 0.146875 0.032670 0.052083
2 0.870028 0.098958 0.035511 0.077083
0 0.949574 0.168750 0.021307 0.050000
0 0.982244 0.165625 0.018466 0.052083
0 0.117898 0.500000 0.107955 0.204167
1 0.913352 0.103125 0.022727 0.031250
0 0.943892 0.114583 0.015625 0.029167
