0 0.122869 0.496875 0.106534 0.197917
1 0.270597 0.393750 0.205966 0.170833
1 0.317472 0.547917 0.279830 0.354167
1 0.412642 0.320833 0.137784 0.120833
1 0.521307 0.323958 0.116477 0.118750
1 0.553977 0.403125 0.156250 0.172917
1 0.676136 0.305208 0.093750 0.110417
0 0.563920 0.225000 0.034091 0.062500
0 0.605824 0.250000 0.026989 0.087500
1 0.737926 0.241667 0.072443 0.108333
2 0.791193 0.165625 0.085227 0.147917
1 0.843750 0.166667 0.034091 0.054167
1 0.864347 0.127083 0.029830 0.050000
3 0.828125 0.083333 0.039773 0.066667
1 0.853693 0.109375 0.025568 0.031250
