1 0.115057 0.589583 0.227273 0.275000
1 0.270597 0.394792 0.208807 0.172917
1 0.409091 0.321875 0.130682 0.127083
1 0.490057 0.336458 0.125000 0.135417
1 0.743608 0.405208 0.129261 0.177083
1 0.956676 0.271875 0.078125 0.122917
1 0.745028 0.245833 0.066761 0.087500
2 0.184659 0.831250 0.366477 0.337500
2 0.633523 0.276042 0.173295 0.297917
1 0.735085 0.208333 0.038352 0.058333
2 0.723011 0.154167 0.042614 0.066667
1 0.813210 0.185417 0.052557 0.079167
0 0.558949 0.220833 0.024148 0.062500
1 0.860085 0.148958 0.032670 0.047917
1 0.937500 0.107292 0.022727 0.035417
1 0.803267 0.122917 0.021307 0.037500
0 0.818182 0.129167 0.011364 0.041667
1 0.838068 0.122917 0.025568 0.041667
3 0.828125 0.081250 0.039773 0.062500
1 0.859375 0.089583 0.017045 0.025000
0 0.924716 0.365625 0.042614 0.131250
