1 0.093040 0.601042 0.183239 0.247917
1 0.272017 0.394792 0.205966 0.177083
1 0.549716 0.407292 0.147727 0.164583
1 0.412642 0.323958 0.134943 0.131250
1 0.794034 0.350000 0.096591 0.129167
1 0.608665 0.275000 0.089489 0.100000
1 0.657670 0.303125 0.102273 0.135417
1 0.701705 0.211458 0.059659 0.068750
2 0.735085 0.152083 0.044034 0.083333
2 0.784091 0.172917 0.085227 0.158333
1 0.833097 0.186458 0.029830 0.060417
1 0.841619 0.156250 0.038352 0.058333
0 0.419744 0.364583 0.046875 0.137500
0 0.507812 0.298958 0.032670 0.106250
0 0.565341 0.222917 0.034091 0.066667
1 0.865767 0.147917 0.021307 0.045833
3 0.826705 0.084375 0.036932 0.068750
