1 0.551136 0.668750 0.255682 0.345833
1 0.121449 0.720833 0.240057 0.425000
1 0.333807 0.440625 0.224432 0.202083
1 0.261364 0.395833 0.193182 0.175000
1 0.411932 0.313542 0.136364 0.110417
1 0.563920 0.293750 0.105114 0.112500
0 0.564631 0.219792 0.026989 0.047917
2 0.688920 0.243750 0.136364 0.245833
0 0.868608 0.483333 0.058239 0.179167
1 0.943892 0.321875 0.100852 0.152083
1 0.774858 0.228125 0.058239 0.081250
1 0.827415 0.168750 0.049716 0.066667
1 0.764915 0.186458 0.029830 0.039583
1 0.935369 0.122917 0.026989 0.037500
1 0.862926 0.147917 0.032670 0.045833
1 0.803977 0.122917 0.025568 0.037500
0 0.827415 0.122917 0.009943 0.037500
1 0.847301 0.114583 0.026989 0.033333
3 0.829545 0.084375 0.039773 0.068750
