1 0.105824 0.742708 0.208807 0.435417
1 0.272017 0.393750 0.208807 0.175000
1 0.487216 0.458333 0.190341 0.212500
1 0.480824 0.350000 0.123580 0.133333
1 0.410511 0.322917 0.130682 0.129167
1 0.660511 0.320833 0.099432 0.116667
1 0.669034 0.237500 0.076705 0.083333
1 0.727273 0.255208 0.076705 0.114583
2 0.793324 0.167708 0.086648 0.156250
0 0.566761 0.228125 0.028409 0.068750
0 0.560369 0.266667 0.029830 0.091667
1 0.836648 0.182292 0.025568 0.056250
1 0.845881 0.154167 0.035511 0.058333
3 0.827415 0.080208 0.035511 0.056250
1 0.845881 0.112500 0.021307 0.033333
1 0.875710 0.125000 0.026989 0.037500
