1 0.270597 0.395833 0.205966 0.175000
1 0.418324 0.514583 0.225852 0.245833
1 0.434659 0.378125 0.150568 0.143750
1 0.412642 0.319792 0.134943 0.127083
1 0.637784 0.337500 0.110795 0.125000
1 0.648438 0.250000 0.083807 0.091667
1 0.710227 0.264583 0.085227 0.116667
1 0.743608 0.181250 0.038352 0.066667
2 0.792614 0.168750 0.082386 0.154167
1 0.836648 0.182292 0.028409 0.056250
1 0.845881 0.154167 0.029830 0.058333
3 0.828125 0.080208 0.036932 0.060417
1 0.866477 0.146875 0.019886 0.043750
1 0.872869 0.128125 0.024148 0.039583
0 0.566051 0.229167 0.029830 0.070833
0 0.507812 0.297917 0.035511 0.100000
0 0.558949 0.270833 0.032670 0.100000
