1 0.274148 0.396875 0.201705 0.177083
1 0.412642 0.319792 0.134943 0.122917
1 0.811080 0.295833 0.082386 0.091667
1 0.698864 0.213542 0.056818 0.068750
1 0.761364 0.222917 0.062500 0.095833
1 0.840199 0.163542 0.041193 0.052083
1 0.908381 0.159375 0.038352 0.047917
1 0.800426 0.122917 0.026989 0.037500
1 0.914773 0.115625 0.028409 0.031250
1 0.869318 0.120833 0.025568 0.033333
0 0.951705 0.187500 0.019886 0.062500
0 0.982955 0.289583 0.034091 0.095833
0 0.846591 0.405208 0.048295 0.139583
0 0.158381 0.473958 0.100852 0.181250
0 0.565341 0.227083 0.031250 0.066667
