0 0.119318 0.496875 0.107955 0.197917
1 0.272727 0.396875 0.204545 0.172917
1 0.413352 0.320833 0.133523 0.120833
1 0.625710 0.254167 0.078125 0.070833
1 0.629261 0.322917 0.119318 0.158333
0 0.564631 0.225000 0.032670 0.062500
1 0.779119 0.223958 0.061080 0.077083
1 0.895597 0.179167 0.044034 0.054167
1 0.801847 0.122917 0.024148 0.037500
1 0.850142 0.153125 0.032670 0.043750
1 0.860085 0.129167 0.029830 0.041667
0 0.938920 0.209375 0.025568 0.068750
0 0.986506 0.196875 0.021307 0.064583
0 0.950994 0.132292 0.012784 0.035417
1 0.913352 0.115625 0.025568 0.035417
2 0.877841 0.089583 0.031250 0.066667
