1 0.258523 0.394792 0.184659 0.177083
2 0.522727 0.614583 0.355114 0.487500
1 0.338068 0.412500 0.136364 0.175000
2 0.514915 0.352083 0.265625 0.400000
1 0.828835 0.287500 0.086648 0.112500
1 0.705256 0.277083 0.086648 0.100000
1 0.688210 0.233333 0.072443 0.079167
0 0.944602 0.302083 0.036932 0.108333
1 0.961648 0.242708 0.071023 0.110417
2 0.715199 0.168750 0.058239 0.095833
1 0.791903 0.196875 0.061080 0.077083
1 0.857244 0.154167 0.038352 0.050000
0 0.807528 0.142708 0.018466 0.039583
1 0.829545 0.130208 0.028409 0.043750
3 0.828125 0.082292 0.036932 0.064583
1 0.801847 0.122917 0.026989 0.037500
1 0.859375 0.094792 0.019886 0.031250
1 0.933239 0.094792 0.019886 0.027083
