1 0.675426 0.472917 0.151989 0.183333
1 0.270597 0.393750 0.205966 0.166667
1 0.412642 0.322917 0.134943 0.125000
1 0.727983 0.194792 0.052557 0.060417
1 0.804688 0.186458 0.049716 0.072917
1 0.897017 0.195833 0.046875 0.062500
1 0.912642 0.130208 0.032670 0.035417
1 0.857955 0.140625 0.034091 0.043750
0 0.566051 0.228125 0.032670 0.072917
0 0.241477 0.441667 0.090909 0.166667
0 0.602983 0.847917 0.106534 0.304167
0 0.938920 0.239583 0.022727 0.070833
0 0.987216 0.371875 0.025568 0.122917
1 0.801847 0.121875 0.024148 0.035417
1 0.874290 0.105208 0.024148 0.031250
