0 0.122869 0.497917 0.109375 0.204167
1 0.270597 0.396875 0.208807 0.177083
1 0.318182 0.547917 0.281250 0.354167
1 0.412642 0.319792 0.134943 0.122917
1 0.520597 0.322917 0.117898 0.116667
1 0.554688 0.403125 0.154830 0.177083
0 0.565341 0.227083 0.034091 0.070833
1 0.676847 0.307292 0.095170 0.110417
0 0.680398 0.205208 0.022727 0.068750
1 0.737926 0.242708 0.075284 0.106250
2 0.791903 0.167708 0.083807 0.152083
1 0.840909 0.175000 0.028409 0.054167
1 0.855824 0.138542 0.032670 0.052083
3 0.825994 0.081250 0.041193 0.062500
