1 0.317472 0.547917 0.279830 0.354167
1 0.568892 0.392708 0.146307 0.164583
1 0.270597 0.395833 0.208807 0.175000
1 0.411932 0.320833 0.136364 0.125000
1 0.521307 0.325000 0.116477 0.120833
1 0.683949 0.300000 0.092330 0.112500
1 0.757102 0.228125 0.065341 0.097917
2 0.808949 0.155208 0.075284 0.135417
0 0.565341 0.226042 0.031250 0.068750
0 0.120028 0.501042 0.106534 0.202083
0 0.852983 0.103125 0.009943 0.031250
1 0.867188 0.126042 0.026989 0.039583
1 0.880682 0.091667 0.022727 0.037500
3 0.831676 0.070833 0.041193 0.041667
