0 0.119318 0.497917 0.107955 0.200000
1 0.270597 0.396875 0.208807 0.177083
1 0.316051 0.547917 0.276989 0.354167
1 0.411932 0.318750 0.136364 0.125000
1 0.522017 0.325000 0.117898 0.120833
1 0.554688 0.406250 0.154830 0.175000
0 0.564631 0.225000 0.032670 0.062500
1 0.676136 0.306250 0.093750 0.108333
1 0.737926 0.240625 0.072443 0.102083
0 0.685369 0.207292 0.026989 0.072917
2 0.795455 0.165625 0.082386 0.147917
1 0.850852 0.154167 0.034091 0.050000
1 0.872159 0.114583 0.028409 0.045833
3 0.828835 0.081250 0.038352 0.062500
