0 0.120739 0.498958 0.105114 0.202083
1 0.270597 0.395833 0.208807 0.175000
1 0.317472 0.547917 0.279830 0.354167
1 0.413352 0.320833 0.136364 0.125000
1 0.555398 0.404167 0.153409 0.179167
1 0.521307 0.322917 0.116477 0.120833
0 0.564631 0.228125 0.032670 0.068750
0 0.646307 0.225000 0.025568 0.075000
1 0.676847 0.308333 0.095170 0.112500
1 0.740057 0.240625 0.071023 0.106250
2 0.792614 0.166667 0.085227 0.154167
1 0.845170 0.160417 0.039773 0.050000
1 0.868608 0.119792 0.029830 0.043750
3 0.828125 0.079167 0.039773 0.062500
