0 0.092330 0.511458 0.116477 0.202083
1 0.218750 0.620833 0.349432 0.416667
1 0.271307 0.387500 0.210227 0.158333
1 0.414062 0.321875 0.137784 0.131250
1 0.544744 0.410417 0.157670 0.175000
1 0.520597 0.321875 0.117898 0.118750
1 0.675426 0.306250 0.095170 0.108333
1 0.735085 0.247917 0.072443 0.108333
0 0.566051 0.229167 0.032670 0.066667
1 0.726562 0.201042 0.058239 0.068750
2 0.790483 0.167708 0.080966 0.152083
1 0.847301 0.151042 0.038352 0.056250
1 0.856534 0.102083 0.017045 0.029167
1 0.879972 0.111458 0.021307 0.035417
3 0.827415 0.073958 0.038352 0.047917
