0 0.117188 0.496875 0.106534 0.197917
1 0.339489 0.529167 0.267045 0.337500
1 0.270597 0.393750 0.205966 0.170833
1 0.607244 0.359375 0.129261 0.156250
1 0.522017 0.326042 0.117898 0.127083
1 0.411932 0.320833 0.136364 0.120833
0 0.563920 0.227083 0.036932 0.070833
1 0.754972 0.238542 0.066761 0.077083
1 0.795455 0.196875 0.053977 0.081250
2 0.840909 0.131250 0.059659 0.112500
1 0.802557 0.120833 0.031250 0.037500
0 0.940341 0.111458 0.014205 0.035417
0 0.955256 0.116667 0.012784 0.037500
1 0.911932 0.102083 0.022727 0.025000
1 0.879261 0.097917 0.019886 0.029167
