1 0.609375 0.842708 0.406250 0.314583
1 0.427557 0.497917 0.204545 0.220833
1 0.271307 0.395833 0.207386 0.179167
1 0.412642 0.318750 0.137784 0.125000
1 0.622159 0.328125 0.116477 0.152083
1 0.870028 0.240625 0.058239 0.081250
1 0.579545 0.290625 0.096591 0.110417
1 0.675426 0.228125 0.066761 0.081250
2 0.772017 0.183333 0.095170 0.170833
2 0.720881 0.161458 0.044034 0.089583
1 0.827415 0.189583 0.038352 0.062500
1 0.843040 0.157292 0.044034 0.060417
0 0.568182 0.229167 0.039773 0.066667
0 0.443182 0.336458 0.039773 0.114583
0 0.301136 0.433333 0.073864 0.158333
3 0.828125 0.085417 0.034091 0.070833
1 0.865767 0.145833 0.021307 0.041667
0 0.848722 0.105208 0.012784 0.031250
