2 0.476562 0.681250 0.379261 0.495833
2 0.795455 0.300000 0.122159 0.179167
2 0.715199 0.167708 0.058239 0.097917
1 0.271307 0.393750 0.207386 0.170833
1 0.413352 0.321875 0.136364 0.131250
1 0.590909 0.364583 0.130682 0.145833
1 0.588778 0.288542 0.098011 0.102083
0 0.566051 0.226042 0.032670 0.064583
1 0.916903 0.407292 0.120739 0.168750
1 0.737216 0.240625 0.085227 0.110417
1 0.841619 0.172917 0.044034 0.058333
1 0.894176 0.187500 0.052557 0.066667
1 0.975142 0.205208 0.049716 0.085417
0 0.936790 0.231250 0.026989 0.083333
1 0.813920 0.148958 0.034091 0.052083
0 0.784091 0.165625 0.017045 0.047917
1 0.862926 0.145833 0.035511 0.045833
3 0.827415 0.084375 0.038352 0.068750
1 0.803977 0.121875 0.022727 0.031250
1 0.859375 0.096875 0.022727 0.031250
