0 0.122869 0.495833 0.106534 0.191667
1 0.271307 0.581250 0.312500 0.383333
1 0.270597 0.394792 0.208807 0.172917
1 0.553977 0.404167 0.156250 0.175000
1 0.411932 0.320833 0.136364 0.125000
1 0.521307 0.325000 0.119318 0.120833
0 0.571023 0.258333 0.025568 0.079167
1 0.676136 0.305208 0.096591 0.110417
1 0.736506 0.244792 0.072443 0.110417
2 0.794744 0.166667 0.083807 0.154167
1 0.838068 0.180208 0.025568 0.056250
1 0.850142 0.146875 0.032670 0.056250
1 0.879972 0.102083 0.018466 0.029167
3 0.827415 0.073958 0.038352 0.047917
