1 0.270597 0.392708 0.208807 0.172917
1 0.318182 0.544792 0.284091 0.347917
0 0.119318 0.500000 0.107955 0.200000
1 0.411932 0.319792 0.136364 0.122917
1 0.521307 0.322917 0.116477 0.120833
1 0.554688 0.403125 0.154830 0.177083
1 0.676136 0.305208 0.093750 0.110417
0 0.563210 0.226042 0.035511 0.068750
1 0.740057 0.236458 0.071023 0.102083
0 0.730114 0.179167 0.019886 0.054167
1 0.855824 0.145833 0.032670 0.045833
2 0.796875 0.162500 0.085227 0.150000
1 0.875000 0.105208 0.025568 0.039583
3 0.828835 0.078125 0.038352 0.060417
