0 0.122159 0.493750 0.107955 0.195833
1 0.269886 0.394792 0.210227 0.172917
1 0.303977 0.557292 0.289773 0.360417
1 0.411932 0.319792 0.136364 0.122917
1 0.553977 0.405208 0.156250 0.177083
1 0.522017 0.322917 0.117898 0.120833
0 0.598011 0.248958 0.025568 0.085417
0 0.566051 0.226042 0.029830 0.064583
1 0.677557 0.306250 0.093750 0.112500
1 0.737926 0.241667 0.075284 0.104167
2 0.791193 0.166667 0.085227 0.150000
1 0.838778 0.179167 0.026989 0.058333
1 0.850142 0.142708 0.035511 0.052083
2 0.853693 0.098958 0.025568 0.047917
3 0.828835 0.079167 0.035511 0.058333
1 0.881392 0.096875 0.021307 0.031250
