1 0.172585 0.684375 0.342330 0.481250
1 0.270597 0.388542 0.208807 0.164583
1 0.411222 0.320833 0.137784 0.125000
1 0.522727 0.432292 0.170455 0.193750
1 0.508523 0.331250 0.122159 0.120833
1 0.671875 0.311458 0.096591 0.118750
1 0.733665 0.250000 0.075284 0.112500
1 0.694602 0.219792 0.065341 0.072917
2 0.791193 0.168750 0.082386 0.150000
1 0.847301 0.152083 0.032670 0.058333
1 0.836648 0.185417 0.025568 0.058333
1 0.869318 0.144792 0.019886 0.043750
1 0.879261 0.118750 0.025568 0.037500
1 0.852273 0.107292 0.022727 0.031250
3 0.827415 0.075000 0.038352 0.050000
0 0.566761 0.227083 0.031250 0.062500
