1 0.330256 0.536458 0.274148 0.347917
1 0.267756 0.394792 0.208807 0.172917
1 0.585938 0.377083 0.140625 0.158333
1 0.520597 0.325000 0.117898 0.120833
1 0.411222 0.319792 0.134943 0.122917
1 0.727273 0.263542 0.073864 0.089583
1 0.780540 0.210417 0.061080 0.087500
2 0.827415 0.143750 0.061080 0.120833
1 0.876420 0.107292 0.022727 0.031250
0 0.564631 0.222917 0.035511 0.062500
0 0.118608 0.501042 0.106534 0.202083
1 0.799716 0.121875 0.022727 0.035417
0 0.950284 0.104167 0.014205 0.037500
0 0.936790 0.101042 0.012784 0.035417
1 0.911932 0.093750 0.019886 0.025000
