1 0.238636 0.661458 0.343750 0.364583
1 0.589489 0.625000 0.210227 0.275000
1 0.269886 0.392708 0.204545 0.168750
1 0.321023 0.438542 0.201705 0.160417
1 0.608665 0.361458 0.120739 0.139583
1 0.410511 0.318750 0.130682 0.125000
1 0.629261 0.259375 0.085227 0.093750
1 0.685369 0.285417 0.092330 0.133333
1 0.725142 0.197917 0.052557 0.066667
2 0.790483 0.169792 0.083807 0.152083
0 0.470170 0.328125 0.039773 0.122917
0 0.541903 0.277083 0.032670 0.095833
0 0.566051 0.229167 0.032670 0.070833
1 0.836648 0.182292 0.025568 0.056250
1 0.844460 0.156250 0.035511 0.058333
3 0.828835 0.082292 0.038352 0.064583
1 0.865057 0.146875 0.022727 0.039583
