2 0.270597 0.501042 0.478693 0.627083
1 0.808949 0.648958 0.208807 0.314583
2 0.700284 0.410417 0.198864 0.275000
1 0.661222 0.307292 0.098011 0.118750
1 0.649858 0.254167 0.080966 0.087500
0 0.566051 0.223958 0.032670 0.068750
2 0.715199 0.168750 0.055398 0.095833
1 0.865057 0.230208 0.068182 0.085417
1 0.968750 0.219792 0.059659 0.093750
0 0.943182 0.265625 0.025568 0.093750
0 0.798295 0.151042 0.014205 0.043750
1 0.852273 0.160417 0.036932 0.050000
1 0.821023 0.137500 0.031250 0.050000
1 0.867898 0.139583 0.028409 0.041667
3 0.827415 0.083333 0.035511 0.066667
1 0.802557 0.123958 0.025568 0.035417
1 0.860085 0.096875 0.021307 0.031250
1 0.767756 0.217708 0.069602 0.093750
1 0.928977 0.085417 0.017045 0.025000
