0 0.122159 0.495833 0.107955 0.195833
1 0.270597 0.394792 0.208807 0.172917
1 0.316761 0.548958 0.278409 0.352083
1 0.413352 0.320833 0.136364 0.125000
1 0.522017 0.322917 0.117898 0.120833
1 0.553977 0.403125 0.153409 0.172917
1 0.675426 0.304167 0.095170 0.108333
0 0.565341 0.223958 0.034091 0.072917
0 0.636364 0.226042 0.028409 0.077083
1 0.737926 0.241667 0.072443 0.104167
2 0.791903 0.168750 0.086648 0.154167
1 0.838778 0.179167 0.029830 0.058333
1 0.852983 0.142708 0.035511 0.056250
3 0.826705 0.082292 0.039773 0.064583
2 0.865057 0.094792 0.028409 0.047917
