1 0.813920 0.189583 0.048295 0.062500
1 0.269886 0.394792 0.207386 0.172917
1 0.413352 0.321875 0.133523 0.122917
1 0.664062 0.237500 0.061080 0.079167
1 0.700994 0.270833 0.086648 0.129167
1 0.867898 0.222917 0.056818 0.066667
1 0.861506 0.135417 0.026989 0.033333
1 0.913352 0.133333 0.028409 0.037500
1 0.802557 0.122917 0.022727 0.033333
0 0.563920 0.228125 0.034091 0.064583
0 0.118608 0.496875 0.106534 0.202083
0 0.910511 0.273958 0.036932 0.093750
0 0.979403 0.235417 0.029830 0.079167
0 0.953125 0.152083 0.017045 0.045833
1 0.912642 0.101042 0.024148 0.027083
1 0.868608 0.113542 0.026989 0.039583
