0 0.121449 0.498958 0.109375 0.202083
1 0.270597 0.396875 0.208807 0.177083
1 0.316761 0.548958 0.281250 0.356250
1 0.413352 0.319792 0.139205 0.127083
1 0.553977 0.404167 0.150568 0.175000
1 0.520597 0.323958 0.117898 0.118750
0 0.575284 0.264583 0.031250 0.087500
1 0.676847 0.306250 0.095170 0.112500
0 0.720881 0.186458 0.018466 0.060417
1 0.737926 0.243750 0.072443 0.104167
2 0.791903 0.168750 0.086648 0.158333
1 0.842330 0.172917 0.031250 0.058333
1 0.860085 0.133333 0.032670 0.050000
1 0.841619 0.117708 0.024148 0.035417
3 0.828125 0.077083 0.036932 0.054167
0 0.564631 0.225000 0.032670 0.058333
