1 0.691051 0.295833 0.092330 0.108333
0 0.117898 0.496875 0.105114 0.197917
1 0.271307 0.393750 0.204545 0.170833
1 0.411222 0.319792 0.134943 0.122917
1 0.550426 0.307292 0.103693 0.114583
1 0.426847 0.461458 0.211648 0.281250
1 0.808949 0.194792 0.046875 0.060417
0 0.564631 0.225000 0.035511 0.066667
1 0.831676 0.161458 0.041193 0.068750
1 0.910511 0.128125 0.031250 0.035417
0 0.947443 0.144792 0.017045 0.043750
0 0.970170 0.146875 0.017045 0.043750
2 0.863636 0.110417 0.039773 0.091667
1 0.802557 0.121875 0.025568 0.035417
