0 0.761364 0.755208 0.096591 0.289583
1 0.913352 0.414583 0.136364 0.216667
0 0.034801 0.558333 0.066761 0.187500
1 0.413352 0.477083 0.213068 0.266667
1 0.271307 0.394792 0.210227 0.172917
1 0.411222 0.320833 0.132102 0.125000
1 0.480824 0.346875 0.140625 0.122917
0 0.566051 0.228125 0.032670 0.068750
1 0.612216 0.266667 0.088068 0.100000
2 0.725142 0.213542 0.117898 0.214583
1 0.799006 0.211458 0.049716 0.072917
1 0.927557 0.145833 0.034091 0.045833
1 0.835938 0.163542 0.044034 0.064583
1 0.862216 0.146875 0.028409 0.047917
1 0.803267 0.121875 0.024148 0.035417
0 0.836648 0.116667 0.011364 0.033333
3 0.828125 0.084375 0.036932 0.068750
1 0.858665 0.107292 0.026989 0.031250
