1 0.268466 0.394792 0.207386 0.172917
1 0.644886 0.329167 0.113636 0.133333
1 0.526989 0.322917 0.116477 0.129167
1 0.411932 0.314583 0.136364 0.112500
1 0.365767 0.510417 0.248580 0.316667
1 0.781960 0.216667 0.055398 0.066667
1 0.813210 0.181250 0.044034 0.070833
0 0.117188 0.498958 0.103693 0.202083
0 0.564631 0.226042 0.032670 0.064583
2 0.851562 0.119792 0.052557 0.097917
1 0.805398 0.125000 0.031250 0.041667
1 0.911932 0.114583 0.031250 0.029167
0 0.943892 0.126042 0.012784 0.039583
0 0.960938 0.128125 0.015625 0.039583
