2 0.086648 0.662500 0.170455 0.558333
1 0.564631 0.653125 0.223011 0.289583
1 0.273438 0.394792 0.205966 0.172917
1 0.388494 0.318750 0.089489 0.116667
1 0.465199 0.339583 0.146307 0.179167
1 0.535511 0.422917 0.159091 0.166667
0 0.590909 0.272917 0.031250 0.095833
1 0.674006 0.297917 0.100852 0.129167
1 0.667614 0.216667 0.076705 0.100000
1 0.744318 0.240625 0.073864 0.102083
1 0.799006 0.201042 0.049716 0.064583
1 0.846591 0.154167 0.039773 0.062500
1 0.801136 0.153125 0.039773 0.047917
1 0.767045 0.142708 0.031250 0.043750
0 0.568182 0.225000 0.036932 0.058333
