1 0.443892 0.491667 0.205966 0.225000
1 0.272017 0.394792 0.205966 0.168750
1 0.411222 0.318750 0.134943 0.120833
0 0.566051 0.226042 0.032670 0.064583
2 0.755682 0.382292 0.147727 0.218750
2 0.964489 0.163542 0.039773 0.068750
0 0.679688 0.221875 0.018466 0.068750
0 0.757812 0.180208 0.015625 0.052083
1 0.768466 0.143750 0.034091 0.045833
1 0.799716 0.123958 0.025568 0.039583
1 0.809659 0.196875 0.051136 0.060417
1 0.855114 0.244792 0.073864 0.093750
1 0.897727 0.171875 0.042614 0.056250
1 0.851562 0.152083 0.038352 0.054167
1 0.919034 0.148958 0.034091 0.052083
