1 0.146307 0.737500 0.289773 0.475000
1 0.271307 0.395833 0.207386 0.175000
1 0.412642 0.321875 0.134943 0.127083
1 0.834517 0.523958 0.151989 0.202083
1 0.887784 0.213542 0.053977 0.064583
1 0.912642 0.148958 0.032670 0.043750
1 0.630682 0.322917 0.119318 0.154167
1 0.595170 0.258333 0.093750 0.125000
1 0.744318 0.243750 0.068182 0.083333
1 0.734375 0.198958 0.059659 0.064583
1 0.811080 0.185417 0.048295 0.079167
1 0.768466 0.143750 0.034091 0.045833
1 0.856534 0.153125 0.036932 0.047917
1 0.801847 0.122917 0.026989 0.037500
1 0.876420 0.123958 0.028409 0.031250
