1 0.142756 0.791667 0.282670 0.416667
0 0.357244 0.414583 0.063920 0.145833
0 0.565341 0.228125 0.034091 0.068750
2 0.954545 0.120833 0.031250 0.054167
0 0.693892 0.192708 0.018466 0.056250
0 0.719460 0.208333 0.024148 0.062500
1 0.262784 0.393750 0.190341 0.166667
1 0.412642 0.321875 0.134943 0.122917
1 0.683239 0.281250 0.088068 0.120833
1 0.804688 0.194792 0.049716 0.064583
1 0.906250 0.190625 0.048295 0.056250
1 0.767756 0.143750 0.035511 0.045833
1 0.915483 0.115625 0.029830 0.039583
1 0.801136 0.123958 0.028409 0.039583
