1 0.149858 0.772917 0.296875 0.429167
1 0.271307 0.393750 0.207386 0.170833
1 0.409091 0.320833 0.127841 0.120833
1 0.465199 0.361458 0.149148 0.156250
1 0.580966 0.359375 0.139205 0.193750
0 0.563920 0.228125 0.034091 0.072917
1 0.669744 0.463542 0.146307 0.181250
2 0.858665 0.478125 0.157670 0.256250
1 0.839489 0.293750 0.090909 0.112500
1 0.766335 0.235417 0.066761 0.079167
1 0.767756 0.143750 0.032670 0.045833
1 0.897727 0.187500 0.048295 0.058333
1 0.950284 0.139583 0.034091 0.041667
1 0.865767 0.143750 0.035511 0.041667
0 0.808949 0.140625 0.012784 0.043750
1 0.801847 0.123958 0.024148 0.039583
