0 0.110085 0.495833 0.115057 0.195833
2 0.355114 0.464583 0.301136 0.412500
1 0.234375 0.395833 0.133523 0.175000
0 0.565341 0.228125 0.034091 0.064583
1 0.632812 0.348958 0.117898 0.131250
1 0.634233 0.231250 0.078125 0.079167
1 0.839489 0.284375 0.082386 0.106250
0 0.989347 0.231250 0.021307 0.070833
1 0.795455 0.206250 0.059659 0.079167
1 0.895597 0.187500 0.052557 0.070833
1 0.914062 0.143750 0.038352 0.041667
1 0.868608 0.121875 0.029830 0.043750
1 0.800426 0.150000 0.038352 0.054167
2 0.799716 0.108333 0.022727 0.037500
1 0.767045 0.141667 0.031250 0.045833
