1 0.607955 0.583333 0.210227 0.254167
1 0.413352 0.479167 0.230114 0.275000
1 0.270597 0.394792 0.205966 0.168750
1 0.401989 0.318750 0.113636 0.116667
1 0.507102 0.311458 0.130682 0.160417
0 0.566051 0.223958 0.029830 0.060417
1 0.693182 0.290625 0.088068 0.106250
1 0.691051 0.228125 0.066761 0.081250
1 0.774148 0.213542 0.059659 0.097917
1 0.930398 0.275000 0.071023 0.087500
1 0.769176 0.141667 0.032670 0.041667
1 0.801136 0.125000 0.025568 0.037500
1 0.838778 0.170833 0.041193 0.050000
1 0.925426 0.146875 0.035511 0.043750
1 0.875000 0.125000 0.031250 0.037500
