1 0.176136 0.746875 0.349432 0.406250
1 0.271307 0.428125 0.241477 0.243750
1 0.412642 0.322917 0.134943 0.125000
1 0.551136 0.644792 0.230114 0.285417
0 0.534091 0.312500 0.034091 0.112500
0 0.566051 0.228125 0.032670 0.068750
1 0.617188 0.339583 0.123580 0.150000
1 0.651278 0.220833 0.078125 0.100000
1 0.727273 0.252083 0.082386 0.104167
1 0.834517 0.281250 0.072443 0.087500
1 0.789062 0.209375 0.049716 0.064583
1 0.774148 0.172917 0.045455 0.054167
1 0.767756 0.141667 0.032670 0.041667
1 0.802557 0.123958 0.025568 0.035417
1 0.842330 0.158333 0.039773 0.066667
1 0.870028 0.142708 0.024148 0.043750
