1 0.138494 0.726042 0.274148 0.514583
1 0.271307 0.391667 0.207386 0.170833
1 0.412642 0.321875 0.132102 0.122917
1 0.669744 0.485417 0.174716 0.233333
1 0.678267 0.306250 0.100852 0.112500
0 0.565341 0.227083 0.034091 0.075000
0 0.754972 0.171875 0.012784 0.052083
0 0.808949 0.145833 0.012784 0.045833
1 0.769176 0.144792 0.029830 0.047917
1 0.852983 0.238542 0.058239 0.077083
2 0.953835 0.240625 0.066761 0.102083
1 0.897017 0.192708 0.049716 0.068750
1 0.847301 0.163542 0.038352 0.047917
1 0.916193 0.141667 0.034091 0.041667
1 0.869318 0.133333 0.031250 0.045833
1 0.802557 0.125000 0.028409 0.037500
