0 0.051847 0.553125 0.100852 0.206250
0 0.512074 0.314583 0.038352 0.095833
0 0.564631 0.229167 0.032670 0.070833
0 0.723011 0.185417 0.019886 0.054167
0 0.762074 0.171875 0.018466 0.035417
2 0.954545 0.138542 0.036932 0.064583
1 0.271307 0.394792 0.207386 0.172917
1 0.491477 0.458333 0.181818 0.200000
1 0.412642 0.321875 0.134943 0.122917
1 0.748580 0.233333 0.068182 0.091667
1 0.880682 0.239583 0.062500 0.075000
1 0.827415 0.170833 0.041193 0.054167
1 0.767756 0.143750 0.032670 0.045833
1 0.804688 0.122917 0.032670 0.037500
1 0.914062 0.129167 0.032670 0.045833
