1 0.146307 0.782292 0.289773 0.435417
1 0.270597 0.393750 0.208807 0.170833
1 0.411932 0.322917 0.136364 0.125000
0 0.614347 0.266667 0.024148 0.087500
0 0.565341 0.228125 0.034091 0.068750
0 0.718040 0.202083 0.021307 0.062500
0 0.796165 0.145833 0.015625 0.045833
1 0.776278 0.225000 0.063920 0.075000
2 0.854403 0.263542 0.089489 0.131250
2 0.961648 0.141667 0.034091 0.058333
1 0.887784 0.193750 0.051136 0.066667
1 0.836648 0.162500 0.042614 0.058333
1 0.769176 0.144792 0.032670 0.043750
1 0.801136 0.121875 0.025568 0.035417
1 0.863636 0.133333 0.028409 0.041667
1 0.905540 0.147917 0.032670 0.041667
