1 0.678267 0.548958 0.183239 0.218750
2 0.910511 0.201042 0.065341 0.097917
2 0.955966 0.125000 0.028409 0.050000
0 0.517756 0.321875 0.035511 0.114583
0 0.566051 0.228125 0.032670 0.068750
0 0.666903 0.230208 0.021307 0.072917
0 0.774148 0.158333 0.014205 0.045833
0 0.806818 0.145833 0.011364 0.041667
1 0.271307 0.393750 0.207386 0.175000
1 0.411932 0.320833 0.133523 0.125000
1 0.728693 0.263542 0.079545 0.089583
1 0.817472 0.179167 0.046875 0.066667
1 0.855114 0.145833 0.031250 0.045833
1 0.767756 0.143750 0.032670 0.041667
1 0.801136 0.125000 0.025568 0.041667
