0 0.195312 0.460417 0.092330 0.175000
0 0.980114 0.302083 0.034091 0.091667
1 0.269176 0.393750 0.205966 0.170833
2 0.436790 0.411458 0.251420 0.352083
1 0.736506 0.430208 0.137784 0.181250
1 0.669744 0.317708 0.100852 0.110417
0 0.565341 0.225000 0.031250 0.062500
1 0.685369 0.206250 0.063920 0.066667
1 0.863636 0.233333 0.071023 0.087500
1 0.826705 0.180208 0.048295 0.064583
1 0.905540 0.168750 0.044034 0.058333
1 0.768466 0.143750 0.036932 0.045833
1 0.818182 0.137500 0.031250 0.058333
2 0.799006 0.111458 0.021307 0.043750
