1 0.093040 0.541667 0.183239 0.329167
1 0.273438 0.396875 0.203125 0.172917
1 0.411222 0.321875 0.134943 0.127083
0 0.458097 0.353125 0.046875 0.122917
0 0.565341 0.228125 0.034091 0.068750
1 0.541193 0.394792 0.153409 0.189583
1 0.757102 0.389583 0.116477 0.141667
1 0.710938 0.265625 0.092330 0.118750
1 0.638494 0.233333 0.083807 0.112500
1 0.775568 0.218750 0.056818 0.070833
1 0.879972 0.216667 0.055398 0.062500
1 0.760653 0.178125 0.049716 0.056250
1 0.833807 0.166667 0.042614 0.070833
1 0.867898 0.143750 0.031250 0.045833
1 0.801847 0.123958 0.026989 0.039583
1 0.771307 0.137500 0.034091 0.029167
