1 0.634943 0.851042 0.315341 0.297917
1 0.401989 0.495833 0.221591 0.262500
0 0.313210 0.419792 0.066761 0.143750
0 0.564631 0.223958 0.032670 0.064583
1 0.272017 0.393750 0.205966 0.170833
1 0.411222 0.320833 0.134943 0.120833
1 0.620739 0.245833 0.085227 0.116667
1 0.678977 0.288542 0.099432 0.135417
1 0.845170 0.276042 0.073864 0.093750
1 0.760653 0.229167 0.063920 0.075000
1 0.750000 0.188542 0.051136 0.060417
1 0.767756 0.142708 0.032670 0.039583
1 0.823864 0.173958 0.045455 0.077083
1 0.904830 0.176042 0.042614 0.052083
1 0.861506 0.145833 0.032670 0.041667
1 0.801847 0.122917 0.026989 0.033333
