1 0.232955 0.872917 0.463068 0.254167
1 0.261364 0.387500 0.187500 0.162500
1 0.300426 0.446875 0.200284 0.218750
1 0.426847 0.466667 0.217330 0.279167
1 0.412642 0.318750 0.134943 0.112500
0 0.564631 0.227083 0.035511 0.066667
1 0.733665 0.263542 0.080966 0.093750
1 0.794034 0.314583 0.085227 0.112500
2 0.926136 0.321875 0.096591 0.152083
1 0.877131 0.235417 0.069602 0.087500
1 0.767756 0.143750 0.032670 0.045833
0 0.786222 0.155208 0.012784 0.047917
1 0.909801 0.161458 0.041193 0.047917
1 0.860085 0.152083 0.038352 0.045833
0 0.823153 0.135417 0.012784 0.041667
1 0.801847 0.122917 0.026989 0.037500
