1 0.225142 0.909375 0.404830 0.181250
1 0.269886 0.394792 0.210227 0.168750
1 0.411932 0.320833 0.136364 0.120833
1 0.553977 0.378125 0.153409 0.193750
1 0.560369 0.271875 0.112216 0.122917
1 0.902699 0.360417 0.098011 0.120833
1 0.723722 0.264583 0.078125 0.091667
1 0.717330 0.210417 0.062500 0.070833
1 0.794034 0.197917 0.053977 0.083333
1 0.848722 0.160417 0.038352 0.045833
1 0.912642 0.175000 0.044034 0.050000
1 0.769176 0.143750 0.032670 0.041667
1 0.801136 0.123958 0.025568 0.035417
1 0.876420 0.126042 0.028409 0.035417
1 0.914062 0.128125 0.029830 0.035417
