2 0.190341 0.590625 0.377841 0.572917
1 0.401989 0.320833 0.110795 0.120833
1 0.490057 0.327083 0.133523 0.187500
1 0.573153 0.395833 0.143466 0.154167
1 0.680398 0.295833 0.099432 0.125000
0 0.598722 0.269792 0.032670 0.097917
1 0.667614 0.218750 0.076705 0.104167
1 0.748580 0.238542 0.071023 0.097917
1 0.803267 0.198958 0.049716 0.064583
1 0.767756 0.143750 0.032670 0.041667
1 0.848011 0.154167 0.036932 0.062500
1 0.816051 0.143750 0.035511 0.050000
1 0.801136 0.122917 0.022727 0.037500
0 0.566051 0.227083 0.035511 0.066667
