2 0.674006 0.795833 0.339489 0.408333
1 0.276278 0.840625 0.413352 0.318750
1 0.271307 0.393750 0.207386 0.170833
1 0.411932 0.321875 0.136364 0.127083
1 0.427557 0.498958 0.210227 0.222917
1 0.759943 0.417708 0.139205 0.181250
1 0.663352 0.301042 0.102273 0.152083
1 0.550426 0.312500 0.117898 0.133333
0 0.564631 0.219792 0.032670 0.056250
1 0.792614 0.214583 0.059659 0.066667
1 0.875710 0.226042 0.061080 0.072917
1 0.950284 0.159375 0.039773 0.047917
1 0.767756 0.142708 0.035511 0.043750
1 0.802557 0.122917 0.028409 0.037500
0 0.824574 0.126042 0.015625 0.039583
1 0.871449 0.134375 0.038352 0.043750
