2 0.525568 0.679167 0.318182 0.479167
1 0.585227 0.379167 0.139205 0.158333
1 0.271307 0.395833 0.207386 0.175000
1 0.411932 0.321875 0.136364 0.122917
0 0.564631 0.226042 0.035511 0.068750
1 0.801847 0.315625 0.100852 0.135417
0 0.718750 0.195833 0.019886 0.062500
0 0.786932 0.160417 0.014205 0.050000
1 0.767756 0.142708 0.035511 0.043750
1 0.830966 0.179167 0.045455 0.054167
1 0.881392 0.195833 0.044034 0.058333
2 0.961648 0.191667 0.051136 0.075000
1 0.911932 0.166667 0.042614 0.058333
1 0.861506 0.142708 0.032670 0.052083
1 0.802557 0.122917 0.025568 0.037500
