1 0.264205 0.394792 0.190341 0.168750
1 0.401278 0.369792 0.177557 0.210417
1 0.433949 0.508333 0.214489 0.220833
1 0.752131 0.396875 0.112216 0.139583
1 0.656960 0.311458 0.106534 0.135417
0 0.570312 0.287500 0.029830 0.104167
0 0.565341 0.223958 0.031250 0.064583
1 0.661932 0.218750 0.076705 0.100000
1 0.739347 0.244792 0.078125 0.106250
1 0.794744 0.206250 0.049716 0.066667
1 0.787642 0.162500 0.038352 0.050000
1 0.768466 0.143750 0.034091 0.041667
1 0.846591 0.154167 0.039773 0.062500
1 0.801847 0.122917 0.024148 0.033333
1 0.871449 0.143750 0.021307 0.041667
