1 0.159091 0.708333 0.315341 0.491667
1 0.252841 0.389583 0.167614 0.158333
1 0.399858 0.377083 0.188920 0.216667
0 0.566051 0.227083 0.038352 0.066667
1 0.647017 0.329167 0.106534 0.125000
1 0.654830 0.244792 0.079545 0.081250
1 0.763494 0.378125 0.115057 0.135417
1 0.748580 0.236458 0.071023 0.106250
1 0.768466 0.143750 0.034091 0.041667
1 0.802557 0.123958 0.025568 0.035417
1 0.825284 0.183333 0.048295 0.058333
1 0.941761 0.220833 0.053977 0.070833
1 0.875710 0.128125 0.032670 0.039583
1 0.931818 0.129167 0.031250 0.037500
