1 0.499290 0.329167 0.132102 0.175000
1 0.264915 0.362500 0.208807 0.187500
1 0.155540 0.730208 0.308239 0.431250
0 0.202415 0.471875 0.109375 0.168750
0 0.477273 0.269792 0.036932 0.097917
1 0.758523 0.235417 0.071023 0.087500
1 0.889915 0.194792 0.052557 0.072917
1 0.838778 0.164583 0.035511 0.058333
1 0.767756 0.142708 0.038352 0.043750
1 0.919034 0.118750 0.031250 0.041667
1 0.860085 0.137500 0.029830 0.037500
4 0.877131 0.091667 0.038352 0.083333
3 0.796165 0.121875 0.038352 0.060417
0 0.836648 0.111458 0.008523 0.031250
