2 0.379261 0.690625 0.431818 0.568750
2 0.746449 0.660417 0.501420 0.679167
0 0.712358 0.517708 0.055398 0.168750
0 0.875000 0.313542 0.031250 0.077083
0 0.924716 0.276042 0.028409 0.077083
0 0.976562 0.222917 0.026989 0.070833
0 0.923295 0.226042 0.025568 0.047917
1 0.901278 0.185417 0.046875 0.066667
1 0.762074 0.239583 0.072443 0.083333
1 0.663352 0.294792 0.096591 0.110417
1 0.632812 0.216667 0.069602 0.070833
1 0.559659 0.252083 0.093750 0.091667
0 0.420455 0.278125 0.062500 0.068750
1 0.789773 0.122917 0.034091 0.037500
1 0.870739 0.120833 0.025568 0.037500
3 0.913352 0.093750 0.034091 0.054167
1 0.923295 0.128125 0.025568 0.031250
