0 0.051136 0.575000 0.099432 0.204167
1 0.398438 0.340625 0.137784 0.156250
1 0.642756 0.320833 0.103693 0.129167
0 0.614347 0.268750 0.026989 0.075000
1 0.629972 0.222917 0.078125 0.075000
1 0.850852 0.259375 0.062500 0.085417
0 0.943182 0.279167 0.028409 0.087500
1 0.894176 0.179167 0.044034 0.054167
1 0.819602 0.169792 0.039773 0.060417
1 0.789773 0.125000 0.028409 0.037500
1 0.858665 0.130208 0.035511 0.039583
1 0.904119 0.130208 0.029830 0.039583
2 0.959517 0.178125 0.046875 0.077083
2 0.960227 0.116667 0.045455 0.079167
4 0.914773 0.098958 0.028409 0.047917
