1 0.071023 0.713542 0.139205 0.306250
2 0.757102 0.771875 0.465909 0.456250
0 0.492188 0.840625 0.117898 0.285417
0 0.421165 0.278125 0.055398 0.060417
1 0.559659 0.251042 0.085227 0.089583
1 0.655540 0.211458 0.066761 0.072917
1 0.758523 0.227083 0.062500 0.095833
0 0.686790 0.561458 0.049716 0.156250
0 0.801847 0.406250 0.052557 0.133333
0 0.878551 0.356250 0.041193 0.116667
1 0.839489 0.277083 0.076705 0.108333
1 0.840199 0.167708 0.041193 0.047917
1 0.905540 0.177083 0.044034 0.054167
3 0.915483 0.113542 0.046875 0.068750
1 0.794034 0.125000 0.028409 0.037500
