1 0.479403 0.434375 0.171875 0.185417
2 0.843040 0.603125 0.313920 0.735417
2 0.676847 0.398958 0.194602 0.272917
0 0.522727 0.305208 0.048295 0.081250
0 0.423295 0.278125 0.053977 0.068750
1 0.559659 0.250000 0.079545 0.079167
1 0.637074 0.218750 0.078125 0.075000
1 0.790483 0.125000 0.038352 0.037500
1 0.863636 0.131250 0.031250 0.033333
1 0.914062 0.158333 0.035511 0.054167
3 0.911932 0.087500 0.031250 0.050000
0 0.987926 0.187500 0.021307 0.054167
0 0.959517 0.223958 0.029830 0.064583
0 0.933239 0.238542 0.022727 0.068750
