0 0.115767 0.538542 0.106534 0.210417
0 0.419744 0.286458 0.058239 0.081250
1 0.558949 0.252083 0.089489 0.100000
1 0.633523 0.223958 0.082386 0.081250
1 0.518466 0.423958 0.170455 0.164583
1 0.546875 0.610417 0.221591 0.295833
2 0.895597 0.408333 0.208807 0.445833
2 0.789773 0.288542 0.116477 0.172917
1 0.852983 0.147917 0.029830 0.045833
1 0.918324 0.138542 0.032670 0.047917
1 0.791903 0.123958 0.032670 0.039583
0 0.942472 0.161458 0.021307 0.047917
0 0.980114 0.159375 0.019886 0.043750
3 0.911932 0.079167 0.031250 0.045833
