0 0.843750 0.510417 0.056818 0.170833
1 0.625710 0.561458 0.188920 0.252083
1 0.513494 0.278125 0.098011 0.114583
1 0.626420 0.320833 0.110795 0.162500
1 0.631392 0.220833 0.080966 0.075000
0 0.740767 0.188542 0.026989 0.060417
1 0.797585 0.197917 0.052557 0.066667
1 0.835227 0.260417 0.071023 0.087500
2 0.951705 0.234375 0.071023 0.127083
2 0.965199 0.137500 0.061080 0.083333
1 0.891335 0.169792 0.041193 0.060417
1 0.856534 0.131250 0.034091 0.041667
1 0.788352 0.122917 0.036932 0.033333
1 0.916193 0.138542 0.031250 0.035417
0 0.424006 0.280208 0.063920 0.072917
