1 0.417614 0.466667 0.210227 0.270833
1 0.477273 0.289583 0.099432 0.104167
0 0.418324 0.273958 0.052557 0.064583
1 0.632812 0.221875 0.069602 0.077083
0 0.696733 0.217708 0.026989 0.068750
1 0.750000 0.236458 0.065341 0.089583
1 0.777699 0.360417 0.103693 0.141667
0 0.908381 0.365625 0.041193 0.114583
2 0.958807 0.204167 0.059659 0.104167
2 0.963068 0.126042 0.062500 0.089583
1 0.899858 0.147917 0.035511 0.050000
1 0.870028 0.214583 0.052557 0.066667
1 0.844460 0.146875 0.035511 0.047917
1 0.791193 0.122917 0.031250 0.037500
1 0.864347 0.117708 0.026989 0.031250
