2 0.752131 0.715625 0.478693 0.568750
0 0.586648 0.672917 0.090909 0.233333
0 0.409091 0.908333 0.102273 0.183333
0 0.417614 0.286458 0.065341 0.077083
1 0.558949 0.253125 0.086648 0.102083
1 0.647727 0.313542 0.110795 0.135417
1 0.639915 0.217708 0.075284 0.072917
1 0.744318 0.228125 0.062500 0.077083
1 0.811080 0.196875 0.051136 0.060417
1 0.880682 0.221875 0.059659 0.077083
0 0.853693 0.366667 0.042614 0.112500
0 0.883523 0.293750 0.031250 0.095833
0 0.938210 0.273958 0.032670 0.097917
0 0.760653 0.431250 0.049716 0.095833
1 0.918324 0.150000 0.032670 0.041667
1 0.789062 0.125000 0.038352 0.037500
3 0.916193 0.105208 0.039773 0.060417
