0 0.423295 0.280208 0.053977 0.064583
1 0.411932 0.487500 0.215909 0.233333
0 0.664773 0.914583 0.099432 0.170833
1 0.773438 0.352083 0.095170 0.129167
2 0.939631 0.301042 0.092330 0.164583
2 0.967330 0.157292 0.062500 0.110417
2 0.914062 0.125000 0.038352 0.062500
1 0.542614 0.262500 0.085227 0.104167
1 0.634233 0.223958 0.072443 0.081250
1 0.735085 0.238542 0.069602 0.102083
1 0.874290 0.201042 0.049716 0.072917
1 0.905540 0.161458 0.038352 0.052083
1 0.832386 0.166667 0.039773 0.058333
1 0.865057 0.118750 0.028409 0.033333
1 0.791193 0.126042 0.031250 0.035417
0 0.776278 0.165625 0.018466 0.039583
