1 0.180398 0.936458 0.357955 0.127083
0 0.420455 0.280208 0.056818 0.068750
1 0.558949 0.248958 0.083807 0.097917
1 0.634233 0.225000 0.072443 0.079167
1 0.740057 0.241667 0.076705 0.083333
1 0.774148 0.326042 0.110795 0.147917
2 0.866477 0.512500 0.193182 0.341667
2 0.959517 0.208333 0.080966 0.162500
2 0.899148 0.160417 0.048295 0.087500
1 0.858665 0.228125 0.063920 0.077083
1 0.828125 0.165625 0.045455 0.060417
1 0.791903 0.125000 0.035511 0.037500
0 0.795455 0.155208 0.017045 0.035417
1 0.861506 0.129167 0.026989 0.033333
