3 0.257102 0.713542 0.511364 0.572917
1 0.477983 0.448958 0.169034 0.193750
1 0.682528 0.281250 0.098011 0.108333
1 0.560369 0.250000 0.083807 0.095833
1 0.776989 0.358333 0.099432 0.129167
1 0.833097 0.169792 0.044034 0.060417
1 0.901989 0.171875 0.036932 0.047917
1 0.942472 0.218750 0.052557 0.075000
1 0.792614 0.122917 0.025568 0.037500
1 0.832386 0.119792 0.025568 0.031250
1 0.870739 0.119792 0.022727 0.031250
1 0.921165 0.121875 0.029830 0.035417
0 0.423295 0.283333 0.053977 0.070833
1 0.706676 0.214583 0.052557 0.062500
