0 0.056108 0.621875 0.109375 0.252083
1 0.065341 0.503125 0.127841 0.193750
0 0.421165 0.279167 0.055398 0.070833
1 0.604403 0.238542 0.072443 0.089583
1 0.725142 0.259375 0.075284 0.114583
1 0.825994 0.166667 0.044034 0.062500
1 0.902699 0.173958 0.041193 0.056250
0 0.963778 0.195833 0.021307 0.058333
1 0.792614 0.125000 0.034091 0.037500
1 0.912642 0.131250 0.032670 0.029167
2 0.950994 0.140625 0.032670 0.056250
2 0.950284 0.093750 0.039773 0.050000
1 0.908381 0.101042 0.024148 0.027083
0 0.761364 0.187500 0.022727 0.050000
