1 0.256392 0.415625 0.194602 0.210417
1 0.358665 0.529167 0.231534 0.266667
0 0.463068 0.359375 0.042614 0.118750
0 0.421875 0.280208 0.053977 0.064583
1 0.785511 0.205208 0.051136 0.077083
1 0.620739 0.231250 0.071023 0.087500
1 0.884943 0.208333 0.051136 0.079167
0 0.958097 0.226042 0.026989 0.068750
2 0.956676 0.155208 0.041193 0.064583
2 0.955256 0.107292 0.041193 0.064583
1 0.908381 0.153125 0.032670 0.043750
1 0.846591 0.145833 0.036932 0.050000
1 0.791903 0.123958 0.035511 0.039583
1 0.906250 0.114583 0.022727 0.033333
