2 0.823864 0.250000 0.110795 0.166667
2 0.715909 0.173958 0.053977 0.097917
2 0.972301 0.103125 0.021307 0.043750
3 0.825994 0.083333 0.032670 0.062500
0 0.910511 0.312500 0.031250 0.100000
0 0.944602 0.462500 0.042614 0.150000
1 0.269886 0.398958 0.204545 0.164583
1 0.411932 0.325000 0.130682 0.112500
1 0.519886 0.382292 0.142045 0.156250
1 0.795455 0.201042 0.042614 0.060417
1 0.853693 0.140625 0.034091 0.052083
1 0.814631 0.140625 0.026989 0.052083
1 0.909801 0.154167 0.029830 0.045833
1 0.984375 0.163542 0.031250 0.060417
