1 0.271307 0.396875 0.210227 0.164583
1 0.159091 0.630208 0.315341 0.327083
1 0.411222 0.327083 0.137784 0.125000
1 0.742898 0.243750 0.068182 0.079167
1 0.805398 0.150000 0.028409 0.050000
1 0.835938 0.158333 0.035511 0.066667
1 0.977273 0.154167 0.039773 0.054167
1 0.912642 0.135417 0.021307 0.041667
1 0.862926 0.131250 0.026989 0.033333
2 0.860795 0.211458 0.090909 0.127083
2 0.715199 0.175000 0.055398 0.100000
3 0.827415 0.083333 0.032670 0.062500
0 0.933949 0.239583 0.021307 0.079167
0 0.979403 0.334375 0.029830 0.110417
