1 0.249290 0.582292 0.353693 0.364583
1 0.419744 0.797917 0.356534 0.404167
1 0.269886 0.392708 0.210227 0.164583
1 0.410511 0.322917 0.139205 0.125000
0 0.629261 0.256250 0.025568 0.087500
1 0.828125 0.301042 0.082386 0.114583
1 0.727983 0.267708 0.075284 0.097917
2 0.882102 0.200000 0.053977 0.091667
1 0.717330 0.217708 0.068182 0.081250
2 0.716619 0.167708 0.052557 0.097917
1 0.800426 0.204167 0.055398 0.066667
1 0.950284 0.172917 0.039773 0.058333
1 0.848722 0.161458 0.032670 0.047917
1 0.811790 0.135417 0.026989 0.037500
2 0.928977 0.146875 0.048295 0.072917
