1 0.553977 0.665625 0.250000 0.314583
1 0.156250 0.742708 0.309659 0.422917
1 0.367898 0.418750 0.178977 0.175000
1 0.262784 0.401042 0.193182 0.172917
1 0.413352 0.314583 0.133523 0.108333
1 0.622869 0.323958 0.123580 0.147917
1 0.946733 0.237500 0.052557 0.087500
1 0.801136 0.209375 0.051136 0.064583
1 0.786932 0.179167 0.042614 0.058333
1 0.845881 0.161458 0.041193 0.043750
1 0.872869 0.119792 0.024148 0.027083
1 0.807528 0.128125 0.026989 0.039583
2 0.715909 0.172917 0.051136 0.095833
2 0.877841 0.197917 0.062500 0.108333
2 0.801847 0.302083 0.100852 0.154167
0 0.950994 0.168750 0.015625 0.058333
0 0.732955 0.202083 0.019886 0.066667
1 0.919034 0.136458 0.034091 0.047917
3 0.827415 0.083333 0.032670 0.062500
