1 0.345881 0.557292 0.257102 0.268750
1 0.268466 0.394792 0.201705 0.164583
1 0.702415 0.438542 0.134943 0.164583
1 0.662642 0.315625 0.106534 0.122917
1 0.494318 0.362500 0.142045 0.166667
1 0.412642 0.323958 0.132102 0.118750
1 0.856534 0.251042 0.071023 0.089583
1 0.776278 0.223958 0.058239 0.068750
1 0.906250 0.170833 0.042614 0.054167
1 0.796165 0.161458 0.032670 0.043750
2 0.715199 0.168750 0.055398 0.095833
0 0.254972 0.456250 0.075284 0.162500
3 0.825994 0.087500 0.029830 0.075000
1 0.910511 0.126042 0.031250 0.043750
1 0.869318 0.126042 0.028409 0.035417
