1 0.421875 0.784375 0.326705 0.381250
1 0.269176 0.396875 0.208807 0.172917
1 0.411932 0.323958 0.136364 0.118750
1 0.560369 0.394792 0.143466 0.156250
1 0.806108 0.323958 0.098011 0.122917
1 0.596591 0.290625 0.099432 0.106250
1 0.723722 0.265625 0.080966 0.097917
1 0.891335 0.202083 0.052557 0.075000
1 0.810369 0.194792 0.046875 0.064583
2 0.715909 0.169792 0.053977 0.089583
0 0.450284 0.360417 0.045455 0.125000
1 0.803977 0.150000 0.031250 0.045833
2 0.909091 0.141667 0.034091 0.054167
3 0.827415 0.086458 0.035511 0.068750
1 0.953125 0.136458 0.031250 0.043750
2 0.947443 0.122917 0.036932 0.058333
