1 0.508523 0.401042 0.187500 0.214583
1 0.751420 0.408333 0.125000 0.166667
1 0.770597 0.231250 0.063920 0.075000
1 0.411932 0.321875 0.130682 0.114583
1 0.270597 0.389583 0.197443 0.154167
1 0.127841 0.571875 0.252841 0.293750
1 0.948153 0.201042 0.049716 0.068750
1 0.824574 0.184375 0.044034 0.052083
1 0.858665 0.147917 0.024148 0.041667
1 0.811790 0.127083 0.024148 0.033333
0 0.683949 0.228125 0.018466 0.052083
0 0.956676 0.147917 0.009943 0.041667
3 0.828125 0.085417 0.034091 0.066667
2 0.717330 0.171875 0.053977 0.093750
2 0.851562 0.240625 0.069602 0.118750
2 0.904830 0.166667 0.048295 0.079167
1 0.916903 0.113542 0.024148 0.031250
