1 0.269886 0.397917 0.207386 0.166667
1 0.411932 0.322917 0.136364 0.120833
1 0.701705 0.456250 0.150568 0.195833
1 0.664773 0.314583 0.099432 0.112500
1 0.666193 0.252083 0.085227 0.100000
1 0.868608 0.239583 0.063920 0.083333
1 0.768466 0.232292 0.062500 0.081250
0 0.556108 0.297917 0.032670 0.104167
2 0.715909 0.169792 0.053977 0.089583
2 0.899148 0.169792 0.042614 0.077083
3 0.826705 0.086458 0.034091 0.072917
1 0.834517 0.173958 0.038352 0.056250
1 0.810369 0.141667 0.029830 0.045833
1 0.955256 0.152083 0.035511 0.045833
2 0.937500 0.130208 0.039773 0.060417
