0 0.143466 0.520833 0.099432 0.187500
0 0.243608 0.411458 0.078125 0.143750
0 0.968750 0.211458 0.031250 0.068750
1 0.415483 0.309375 0.137784 0.139583
1 0.539773 0.309375 0.116477 0.168750
1 0.689631 0.279167 0.078125 0.108333
1 0.698864 0.198958 0.059659 0.081250
1 0.849432 0.156250 0.034091 0.054167
1 0.865057 0.122917 0.028409 0.045833
2 0.762074 0.353125 0.149148 0.272917
4 0.808239 0.157292 0.079545 0.147917
2 0.905540 0.160417 0.041193 0.070833
1 0.911932 0.105208 0.025568 0.031250
1 0.992898 0.169792 0.014205 0.035417
1 0.985085 0.153125 0.029830 0.039583
