2 0.233665 0.665625 0.296875 0.322917
1 0.412642 0.313542 0.137784 0.131250
1 0.675426 0.298958 0.095170 0.110417
2 0.779830 0.206250 0.053977 0.083333
1 0.824574 0.176042 0.046875 0.056250
1 0.883523 0.231250 0.053977 0.075000
1 0.847301 0.101042 0.021307 0.027083
1 0.911932 0.111458 0.019886 0.039583
0 0.949574 0.110417 0.012784 0.033333
0 0.564631 0.229167 0.041193 0.070833
1 0.989347 0.164583 0.015625 0.037500
1 0.984375 0.154167 0.031250 0.037500
1 0.879972 0.078125 0.015625 0.022917
2 0.911932 0.084375 0.022727 0.035417
