0 0.167614 0.493750 0.093750 0.200000
0 0.340199 0.384375 0.069602 0.143750
1 0.349432 0.565625 0.255682 0.281250
1 0.417614 0.316667 0.127841 0.116667
1 0.580256 0.362500 0.146307 0.150000
1 0.608665 0.262500 0.098011 0.112500
1 0.664773 0.225000 0.053977 0.100000
4 0.755682 0.216667 0.156250 0.170833
4 0.873580 0.093750 0.042614 0.100000
0 0.555398 0.212500 0.022727 0.062500
0 0.833807 0.101042 0.019886 0.039583
0 0.845881 0.101042 0.018466 0.047917
1 0.991477 0.168750 0.017045 0.037500
1 0.984375 0.152083 0.031250 0.037500
