4 0.228693 0.442708 0.454545 0.577083
1 0.627841 0.677083 0.215909 0.304167
1 0.472301 0.347917 0.109375 0.175000
2 0.654830 0.326042 0.090909 0.131250
1 0.779119 0.217708 0.058239 0.072917
2 0.824574 0.170833 0.041193 0.066667
1 0.853693 0.147917 0.028409 0.050000
1 0.911222 0.141667 0.026989 0.041667
1 0.938920 0.122917 0.028409 0.041667
2 0.910511 0.097917 0.031250 0.045833
0 0.565341 0.225000 0.034091 0.066667
1 0.852273 0.091667 0.019886 0.025000
1 0.990057 0.169792 0.019886 0.043750
1 0.984375 0.152083 0.031250 0.037500
