0 0.139915 0.512500 0.106534 0.212500
0 0.343750 0.388542 0.062500 0.143750
1 0.335938 0.576042 0.268466 0.297917
1 0.417614 0.316667 0.133523 0.129167
1 0.574574 0.369792 0.143466 0.152083
1 0.609375 0.265625 0.093750 0.106250
4 0.745739 0.225000 0.159091 0.195833
1 0.827415 0.159375 0.038352 0.056250
4 0.868608 0.096875 0.044034 0.093750
1 0.661932 0.229167 0.036932 0.091667
0 0.558239 0.219792 0.034091 0.072917
0 0.827415 0.110417 0.012784 0.045833
0 0.843750 0.106250 0.014205 0.045833
1 0.990767 0.167708 0.018466 0.039583
1 0.985085 0.155208 0.029830 0.039583
