1 0.052557 0.768750 0.102273 0.337500
1 0.336648 0.421875 0.198864 0.206250
1 0.415483 0.306250 0.140625 0.112500
2 0.792614 0.213542 0.062500 0.085417
1 0.874290 0.228125 0.058239 0.081250
1 0.833097 0.159375 0.046875 0.056250
2 0.899858 0.153125 0.046875 0.106250
1 0.958097 0.175000 0.041193 0.062500
0 0.946733 0.141667 0.015625 0.037500
4 0.683239 0.222917 0.156250 0.270833
0 0.564631 0.228125 0.041193 0.081250
2 0.858665 0.131250 0.026989 0.045833
1 0.990057 0.169792 0.017045 0.039583
1 0.987216 0.155208 0.025568 0.043750
2 0.911932 0.089583 0.019886 0.029167
