1 0.784091 0.688542 0.193182 0.306250
0 0.958807 0.507292 0.068182 0.177083
1 0.799006 0.333333 0.098011 0.129167
1 0.024148 0.590625 0.045455 0.218750
1 0.806108 0.187500 0.049716 0.062500
1 0.770597 0.158333 0.041193 0.062500
0 0.727273 0.189583 0.017045 0.058333
0 0.686790 0.187500 0.026989 0.058333
4 0.452415 0.429167 0.526989 0.454167
4 0.845881 0.127083 0.049716 0.125000
1 0.808239 0.131250 0.031250 0.050000
2 0.252841 0.791667 0.502841 0.416667
1 0.990057 0.167708 0.019886 0.043750
1 0.984375 0.152083 0.031250 0.037500
1 0.879972 0.086458 0.015625 0.018750
