1 0.339489 0.534375 0.235795 0.268750
1 0.411932 0.312500 0.136364 0.125000
1 0.514915 0.322917 0.117898 0.162500
1 0.833807 0.293750 0.085227 0.137500
1 0.964489 0.237500 0.071023 0.100000
2 0.814631 0.188542 0.046875 0.060417
1 0.843040 0.146875 0.041193 0.056250
0 0.952415 0.153125 0.021307 0.056250
2 0.892756 0.178125 0.049716 0.106250
4 0.733665 0.189583 0.112216 0.204167
0 0.561080 0.222917 0.042614 0.058333
1 0.990057 0.166667 0.019886 0.037500
1 0.985085 0.152083 0.029830 0.041667
1 0.868608 0.120833 0.024148 0.041667
2 0.913352 0.100000 0.025568 0.041667
