2 0.235085 0.787500 0.467330 0.425000
4 0.240057 0.527083 0.477273 0.425000
4 0.835938 0.140625 0.063920 0.131250
2 0.862216 0.230208 0.062500 0.110417
1 0.767756 0.212500 0.061080 0.075000
1 0.677557 0.218750 0.071023 0.100000
1 0.417614 0.300000 0.127841 0.100000
1 0.931108 0.203125 0.046875 0.068750
1 0.911932 0.146875 0.036932 0.056250
1 0.758523 0.163542 0.045455 0.056250
0 0.505682 0.301042 0.039773 0.110417
0 0.571023 0.294792 0.045455 0.118750
0 0.974432 0.271875 0.039773 0.093750
0 0.561080 0.218750 0.045455 0.070833
1 0.874290 0.104167 0.018466 0.029167
1 0.992188 0.168750 0.015625 0.041667
1 0.985085 0.153125 0.029830 0.039583
