1 0.176847 0.497917 0.294034 0.312500
1 0.417614 0.309375 0.139205 0.131250
1 0.739347 0.246875 0.078125 0.093750
1 0.833097 0.341667 0.095170 0.141667
2 0.808949 0.184375 0.046875 0.081250
1 0.842330 0.155208 0.039773 0.056250
1 0.852273 0.096875 0.034091 0.043750
1 0.909091 0.121875 0.034091 0.043750
2 0.911932 0.087500 0.025568 0.041667
2 0.520597 0.425000 0.137784 0.187500
0 0.949574 0.115625 0.015625 0.043750
0 0.564631 0.229167 0.041193 0.070833
1 0.990057 0.167708 0.019886 0.039583
1 0.985085 0.154167 0.029830 0.037500
1 0.882102 0.077083 0.014205 0.025000
