4 0.108665 0.706250 0.214489 0.587500
4 0.821733 0.143750 0.078125 0.145833
2 0.593040 0.545833 0.274148 0.462500
2 0.889915 0.184375 0.052557 0.081250
1 0.930398 0.165625 0.031250 0.056250
1 0.911932 0.127083 0.034091 0.045833
1 0.870739 0.112500 0.028409 0.050000
1 0.730824 0.181250 0.046875 0.062500
1 0.734375 0.241667 0.071023 0.091667
1 0.618608 0.253125 0.083807 0.131250
1 0.411932 0.308333 0.139205 0.125000
0 0.393466 0.342708 0.056818 0.106250
0 0.455966 0.359375 0.056818 0.118750
0 0.973722 0.239583 0.032670 0.087500
1 0.990767 0.170833 0.018466 0.041667
1 0.985085 0.154167 0.029830 0.041667
