1 0.058949 0.603125 0.115057 0.281250
1 0.415483 0.316667 0.137784 0.129167
1 0.821733 0.170833 0.046875 0.062500
2 0.852273 0.150000 0.031250 0.062500
1 0.895597 0.189583 0.044034 0.062500
1 0.946023 0.156250 0.042614 0.050000
1 0.867898 0.118750 0.022727 0.037500
2 0.764205 0.223958 0.062500 0.081250
2 0.908381 0.125000 0.038352 0.062500
4 0.615057 0.262500 0.190341 0.312500
1 0.991477 0.170833 0.017045 0.041667
1 0.985085 0.155208 0.029830 0.039583
2 0.909801 0.081250 0.018466 0.025000
1 0.856534 0.083333 0.019886 0.020833
