0 0.593750 0.283333 0.031250 0.095833
1 0.492898 0.405208 0.153409 0.177083
1 0.128551 0.391667 0.254261 0.279167
1 0.065341 0.603125 0.127841 0.197917
1 0.703835 0.292708 0.092330 0.122917
1 0.475142 0.289583 0.106534 0.116667
1 0.558949 0.260417 0.080966 0.091667
1 0.632812 0.231250 0.078125 0.079167
1 0.852273 0.255208 0.068182 0.089583
1 0.904119 0.185417 0.046875 0.058333
1 0.850852 0.161458 0.039773 0.056250
2 0.817472 0.185417 0.038352 0.066667
1 0.779830 0.163542 0.048295 0.064583
1 0.776278 0.218750 0.061080 0.087500
1 0.723722 0.209375 0.055398 0.064583
2 0.799716 0.108333 0.022727 0.041667
