1 0.563210 0.613542 0.223011 0.289583
1 0.384943 0.410417 0.159091 0.158333
1 0.458097 0.468750 0.169034 0.245833
1 0.126420 0.427083 0.250000 0.345833
1 0.475142 0.291667 0.103693 0.120833
1 0.561080 0.258333 0.082386 0.091667
1 0.632812 0.230208 0.075284 0.081250
1 0.657670 0.278125 0.082386 0.102083
0 0.684659 0.219792 0.017045 0.052083
1 0.841619 0.285417 0.075284 0.091667
1 0.909801 0.141667 0.029830 0.037500
1 0.862216 0.146875 0.034091 0.052083
2 0.835227 0.165625 0.031250 0.056250
1 0.808239 0.187500 0.045455 0.066667
1 0.750710 0.187500 0.046875 0.054167
1 0.770597 0.234375 0.066761 0.093750
2 0.799716 0.108333 0.022727 0.037500
1 0.798295 0.143750 0.036932 0.058333
