0 0.870739 0.738542 0.076705 0.247917
1 0.411222 0.796875 0.367898 0.406250
0 0.396307 0.395833 0.053977 0.145833
1 0.128551 0.425000 0.254261 0.350000
1 0.508523 0.446875 0.178977 0.231250
2 0.786222 0.213542 0.049716 0.077083
1 0.901278 0.162500 0.035511 0.058333
1 0.835227 0.177083 0.042614 0.066667
1 0.759233 0.178125 0.055398 0.072917
1 0.708807 0.268750 0.085227 0.112500
1 0.675426 0.241667 0.066761 0.083333
1 0.632102 0.230208 0.073864 0.077083
1 0.563210 0.255208 0.080966 0.089583
1 0.473011 0.291667 0.107955 0.116667
2 0.800426 0.108333 0.024148 0.041667
