0 0.514205 0.325000 0.039773 0.108333
1 0.272727 0.581250 0.275568 0.287500
1 0.128551 0.425000 0.254261 0.350000
1 0.637074 0.341667 0.120739 0.154167
1 0.473722 0.291667 0.103693 0.120833
1 0.561080 0.258333 0.082386 0.091667
1 0.633523 0.229167 0.076705 0.079167
1 0.703125 0.228125 0.059659 0.081250
1 0.914062 0.157292 0.035511 0.052083
1 0.884943 0.198958 0.048295 0.068750
1 0.843750 0.167708 0.042614 0.064583
2 0.801847 0.197917 0.044034 0.075000
1 0.749290 0.239583 0.069602 0.095833
1 0.769886 0.166667 0.051136 0.066667
2 0.799006 0.110417 0.024148 0.041667
