0 0.650568 0.250000 0.031250 0.079167
1 0.222301 0.507292 0.245739 0.222917
1 0.126420 0.423958 0.250000 0.347917
1 0.100142 0.772917 0.197443 0.412500
1 0.769886 0.354167 0.107955 0.145833
1 0.598722 0.323958 0.106534 0.122917
1 0.473722 0.290625 0.109375 0.122917
1 0.561790 0.258333 0.083807 0.095833
1 0.633523 0.226042 0.076705 0.072917
1 0.741477 0.258333 0.076705 0.104167
1 0.882812 0.225000 0.058239 0.070833
1 0.857955 0.153125 0.034091 0.052083
2 0.827415 0.175000 0.035511 0.058333
1 0.789062 0.154167 0.044034 0.058333
1 0.794744 0.202083 0.049716 0.075000
1 0.737926 0.202083 0.052557 0.066667
2 0.801136 0.108333 0.022727 0.041667
1 0.909091 0.125000 0.028409 0.037500
