1 0.129972 0.427083 0.257102 0.345833
0 0.456676 0.365625 0.046875 0.131250
1 0.473722 0.290625 0.109375 0.118750
1 0.560369 0.261458 0.083807 0.097917
1 0.633523 0.230208 0.076705 0.085417
1 0.811080 0.296875 0.079545 0.106250
0 0.986506 0.272917 0.026989 0.091667
1 0.960227 0.179167 0.042614 0.075000
1 0.882102 0.188542 0.045455 0.056250
1 0.824574 0.180208 0.046875 0.060417
1 0.823864 0.143750 0.031250 0.041667
1 0.906250 0.139583 0.031250 0.041667
1 0.869318 0.111458 0.025568 0.043750
2 0.799006 0.108333 0.024148 0.041667
