0 0.988636 0.234375 0.022727 0.072917
1 0.894886 0.186458 0.051136 0.068750
1 0.770597 0.372917 0.115057 0.162500
1 0.718750 0.279167 0.082386 0.120833
1 0.712358 0.218750 0.069602 0.091667
2 0.539773 0.410417 0.125000 0.170833
1 0.632812 0.229167 0.075284 0.079167
1 0.559659 0.257292 0.082386 0.093750
1 0.473011 0.289583 0.107955 0.116667
1 0.345170 0.434375 0.193182 0.197917
1 0.127131 0.426042 0.251420 0.347917
1 0.233665 0.854167 0.464489 0.291667
2 0.799716 0.111458 0.022727 0.039583
2 0.875000 0.108333 0.022727 0.041667
