0 0.643466 0.260417 0.025568 0.083333
0 0.965909 0.327083 0.036932 0.112500
1 0.854403 0.148958 0.038352 0.047917
1 0.899148 0.160417 0.039773 0.054167
1 0.960227 0.200000 0.048295 0.087500
1 0.853693 0.241667 0.062500 0.083333
1 0.650568 0.485417 0.170455 0.191667
2 0.370028 0.487500 0.285511 0.308333
1 0.126420 0.427083 0.250000 0.345833
1 0.474432 0.292708 0.110795 0.122917
1 0.561080 0.258333 0.082386 0.095833
1 0.633523 0.230208 0.079545 0.081250
2 0.799006 0.109375 0.024148 0.043750
1 0.877131 0.100000 0.024148 0.037500
