0 0.931818 0.465625 0.056818 0.147917
1 0.909091 0.136458 0.028409 0.043750
1 0.819602 0.193750 0.051136 0.075000
1 0.747159 0.183333 0.056818 0.075000
2 0.757812 0.235417 0.058239 0.087500
1 0.714489 0.435417 0.147727 0.200000
1 0.632812 0.321875 0.115057 0.147917
0 0.176136 0.497917 0.090909 0.170833
1 0.209517 0.675000 0.365057 0.425000
1 0.128551 0.426042 0.254261 0.347917
1 0.475142 0.290625 0.106534 0.118750
1 0.561790 0.259375 0.083807 0.089583
1 0.632812 0.219792 0.075284 0.056250
2 0.800426 0.109375 0.024148 0.043750
