2 0.336648 0.571875 0.218750 0.260417
1 0.108665 0.617708 0.214489 0.318750
1 0.127841 0.383333 0.252841 0.258333
1 0.475142 0.289583 0.106534 0.116667
1 0.561790 0.258333 0.083807 0.095833
1 0.628551 0.230208 0.066761 0.077083
1 0.674716 0.243750 0.082386 0.100000
1 0.644176 0.337500 0.112216 0.150000
1 0.697443 0.432292 0.142045 0.197917
1 0.846591 0.262500 0.076705 0.104167
0 0.990767 0.203125 0.018466 0.060417
1 0.906250 0.160417 0.042614 0.054167
2 0.869318 0.118750 0.025568 0.045833
2 0.799006 0.110417 0.024148 0.045833
