0 0.919744 0.435417 0.046875 0.154167
0 0.729403 0.200000 0.018466 0.054167
2 0.694602 0.276042 0.107955 0.135417
1 0.782670 0.346875 0.099432 0.131250
1 0.956676 0.228125 0.058239 0.102083
1 0.880682 0.194792 0.051136 0.068750
1 0.632812 0.230208 0.078125 0.085417
1 0.560369 0.258333 0.086648 0.100000
1 0.473722 0.293750 0.109375 0.125000
1 0.129261 0.426042 0.255682 0.347917
1 0.869318 0.126042 0.028409 0.039583
1 0.844460 0.110417 0.024148 0.029167
2 0.800426 0.108333 0.024148 0.041667
1 0.879261 0.088542 0.019886 0.031250
