1 0.129972 0.415625 0.257102 0.318750
1 0.221591 0.636458 0.349432 0.402083
1 0.414773 0.401042 0.161932 0.168750
1 0.473722 0.283333 0.106534 0.112500
0 0.509233 0.322917 0.049716 0.104167
1 0.558949 0.257292 0.086648 0.102083
1 0.674006 0.308333 0.100852 0.129167
1 0.651278 0.245833 0.069602 0.100000
1 0.625000 0.225000 0.056818 0.075000
1 0.739347 0.252083 0.069602 0.087500
0 0.701705 0.207292 0.022727 0.060417
0 0.715909 0.198958 0.022727 0.064583
0 0.732955 0.185417 0.019886 0.062500
1 0.805398 0.194792 0.051136 0.077083
1 0.835227 0.179167 0.031250 0.062500
1 0.852273 0.156250 0.034091 0.050000
0 0.872869 0.636458 0.078125 0.222917
