1 0.126420 0.423958 0.250000 0.335417
1 0.324574 0.458333 0.208807 0.220833
0 0.445312 0.347917 0.044034 0.116667
1 0.475142 0.293750 0.117898 0.116667
1 0.557528 0.261458 0.089489 0.102083
1 0.612926 0.262500 0.095170 0.108333
1 0.652699 0.326042 0.106534 0.135417
1 0.734375 0.256250 0.073864 0.091667
0 0.695312 0.221875 0.024148 0.068750
0 0.708807 0.207292 0.019886 0.068750
0 0.720881 0.194792 0.021307 0.064583
1 0.806818 0.200000 0.051136 0.083333
1 0.832386 0.175000 0.039773 0.062500
1 0.852983 0.159375 0.032670 0.056250
0 0.945312 0.407292 0.049716 0.135417
1 0.535511 0.687500 0.267045 0.329167
