1 0.128551 0.418750 0.254261 0.333333
1 0.333097 0.584375 0.248580 0.277083
1 0.448153 0.396875 0.169034 0.164583
1 0.474432 0.287500 0.099432 0.116667
0 0.502841 0.302083 0.036932 0.091667
1 0.557528 0.261458 0.092330 0.102083
1 0.632102 0.334375 0.116477 0.164583
1 0.631392 0.229167 0.080966 0.083333
1 0.713778 0.218750 0.061080 0.075000
1 0.741477 0.263542 0.073864 0.097917
0 0.771307 0.167708 0.019886 0.056250
1 0.810369 0.201042 0.049716 0.072917
1 0.833807 0.127083 0.025568 0.050000
1 0.951705 0.163542 0.042614 0.052083
