1 0.129972 0.423958 0.257102 0.339583
0 0.202415 0.486458 0.103693 0.193750
1 0.477273 0.283333 0.102273 0.104167
1 0.487216 0.325000 0.139205 0.141667
1 0.547585 0.401042 0.146307 0.168750
1 0.610085 0.544792 0.194602 0.293750
1 0.562500 0.252083 0.079545 0.087500
1 0.631392 0.226042 0.075284 0.072917
0 0.642045 0.257292 0.039773 0.089583
0 0.666193 0.236458 0.022727 0.081250
0 0.694602 0.219792 0.025568 0.068750
1 0.711648 0.275000 0.079545 0.104167
1 0.799716 0.198958 0.056818 0.077083
1 0.831676 0.176042 0.041193 0.056250
1 0.851562 0.159375 0.035511 0.052083
1 0.830966 0.304167 0.085227 0.104167
0 0.972301 0.229167 0.029830 0.075000
