1 0.129972 0.406250 0.254261 0.300000
0 0.061790 0.569792 0.115057 0.235417
1 0.089489 0.810417 0.176136 0.379167
0 0.303267 0.447917 0.078125 0.170833
1 0.475852 0.292708 0.105114 0.127083
1 0.556818 0.260417 0.090909 0.091667
1 0.632812 0.229167 0.078125 0.083333
1 0.679688 0.284375 0.092330 0.122917
1 0.806108 0.300000 0.080966 0.108333
1 0.791193 0.211458 0.056818 0.068750
1 0.841619 0.165625 0.044034 0.052083
1 0.893466 0.184375 0.051136 0.064583
1 0.958097 0.210417 0.061080 0.070833
2 0.842330 0.566667 0.201705 0.320833
1 0.906250 0.140625 0.034091 0.047917
