1 0.130682 0.428125 0.258523 0.360417
0 0.216619 0.502083 0.095170 0.200000
0 0.340909 0.406250 0.071023 0.150000
0 0.458807 0.363542 0.056818 0.147917
1 0.375710 0.545833 0.223011 0.275000
1 0.475852 0.289583 0.105114 0.125000
1 0.562500 0.255208 0.082386 0.097917
1 0.634943 0.233333 0.085227 0.083333
1 0.632812 0.523958 0.169034 0.222917
2 0.715199 0.784375 0.350852 0.431250
1 0.941051 0.268750 0.080966 0.116667
1 0.729403 0.256250 0.080966 0.112500
1 0.809659 0.200000 0.053977 0.062500
1 0.860085 0.232292 0.066761 0.085417
1 0.845881 0.160417 0.041193 0.045833
1 0.897727 0.165625 0.039773 0.056250
1 0.906960 0.138542 0.026989 0.043750
