1 0.129261 0.389583 0.255682 0.283333
1 0.080966 0.576042 0.159091 0.318750
0 0.419034 0.389583 0.059659 0.145833
1 0.473011 0.287500 0.107955 0.116667
0 0.482244 0.339583 0.052557 0.129167
1 0.558239 0.256250 0.088068 0.091667
0 0.553977 0.295833 0.042614 0.079167
1 0.634233 0.235417 0.086648 0.083333
1 0.538352 0.416667 0.153409 0.191667
1 0.761364 0.230208 0.071023 0.093750
1 0.792614 0.316667 0.099432 0.125000
1 0.914773 0.353125 0.113636 0.143750
1 0.818892 0.190625 0.049716 0.064583
1 0.850852 0.158333 0.034091 0.041667
1 0.879261 0.196875 0.042614 0.081250
1 0.908381 0.162500 0.038352 0.050000
0 0.953835 0.138542 0.015625 0.039583
