1 0.129261 0.405208 0.255682 0.314583
1 0.145597 0.585417 0.288352 0.291667
1 0.476562 0.292708 0.103693 0.110417
1 0.561080 0.292708 0.107955 0.127083
1 0.611506 0.356250 0.123580 0.150000
1 0.738636 0.425000 0.133523 0.158333
1 0.632102 0.228125 0.076705 0.085417
1 0.157670 0.893750 0.312500 0.212500
1 0.727273 0.262500 0.073864 0.100000
1 0.806818 0.198958 0.053977 0.077083
1 0.832386 0.173958 0.039773 0.056250
1 0.851562 0.155208 0.032670 0.043750
0 0.675426 0.229167 0.032670 0.079167
0 0.696733 0.216667 0.021307 0.066667
0 0.709517 0.204167 0.024148 0.066667
0 0.356534 0.398958 0.068182 0.156250
0 0.969460 0.292708 0.038352 0.089583
