1 0.132102 0.420833 0.258523 0.341667
1 0.270597 0.438542 0.234375 0.218750
1 0.173295 0.682292 0.343750 0.397917
1 0.473011 0.286458 0.105114 0.118750
1 0.558239 0.257292 0.090909 0.085417
1 0.630682 0.232292 0.090909 0.089583
0 0.521307 0.321875 0.048295 0.118750
0 0.558239 0.291667 0.034091 0.087500
0 0.620028 0.257292 0.029830 0.077083
1 0.622159 0.342708 0.110795 0.131250
1 0.637074 0.509375 0.191761 0.252083
1 0.856534 0.536458 0.167614 0.268750
1 0.781960 0.216667 0.061080 0.091667
1 0.839489 0.246875 0.068182 0.106250
1 0.897727 0.187500 0.048295 0.054167
0 0.964489 0.158333 0.019886 0.041667
1 0.825994 0.178125 0.041193 0.060417
1 0.852273 0.161458 0.028409 0.047917
