1 0.125710 0.418750 0.248580 0.337500
1 0.405540 0.363542 0.166193 0.181250
1 0.433239 0.484375 0.201705 0.235417
1 0.471591 0.289583 0.113636 0.108333
1 0.557528 0.257292 0.080966 0.093750
1 0.631392 0.229167 0.078125 0.075000
0 0.591619 0.292708 0.041193 0.089583
0 0.621449 0.258333 0.029830 0.083333
0 0.661222 0.239583 0.024148 0.066667
1 0.680398 0.304167 0.088068 0.120833
1 0.769176 0.340625 0.100852 0.172917
1 0.795455 0.207292 0.056818 0.081250
1 0.876420 0.236458 0.059659 0.081250
1 0.830256 0.176042 0.038352 0.060417
1 0.850852 0.156250 0.031250 0.054167
0 0.971591 0.184375 0.019886 0.052083
1 0.724432 0.838542 0.309659 0.322917
1 0.153409 0.931250 0.303977 0.137500
