1 0.38139204545454547 0.49375 0.2372159090909091 0.3
1 0.2677556818181818 0.39375 0.20880681818181818 0.17916666666666667
1 0.421875 0.378125 0.17897727272727273 0.14791666666666667
1 0.40980113636363635 0.3177083333333333 0.140625 0.12708333333333333
2 0.5880681818181818 0.3416666666666667 0.13636363636363635 0.21666666666666667
1 0.6796875 0.28958333333333336 0.08380681818181818 0.11666666666666667
1 0.5369318181818182 0.25729166666666664 0.10227272727272728 0.11041666666666666
1 0.7471590909090909 0.2520833333333333 0.07386363636363637 0.09583333333333334
1 0.8061079545454546 0.196875 0.05539772727272727 0.07708333333333334
2 0.7137784090909091 0.16770833333333332 0.061079545454545456 0.10208333333333333
2 0.7904829545454546 0.15625 0.061079545454545456 0.09583333333333334
1 0.859375 0.14791666666666667 0.03977272727272727 0.05
0 0.8330965909090909 0.13958333333333334 0.018465909090909092 0.04583333333333333
3 0.7926136363636364 0.11041666666666666 0.07102272727272728 0.10416666666666667
2 0.9396306818181818 0.14583333333333334 0.03551136363636364 0.058333333333333334
1 0.8316761363636364 0.11875 0.029829545454545456 0.04583333333333333