1 0.39204545454545453 0.46979166666666666 0.1875 0.2520833333333333
1 0.26704545454545453 0.3927083333333333 0.20738636363636365 0.17291666666666666
1 0.41051136363636365 0.31354166666666666 0.13920454545454544 0.11875
1 0.5376420454545454 0.25729166666666664 0.10085227272727272 0.11041666666666666
1 0.8011363636363636 0.315625 0.09659090909090909 0.12708333333333333
1 0.7450284090909091 0.24895833333333334 0.07528409090909091 0.08958333333333333
0 0.7116477272727273 0.21979166666666666 0.022727272727272728 0.06875
2 0.7137784090909091 0.16666666666666666 0.05823863636363636 0.1
2 0.8188920454545454 0.18125 0.04971590909090909 0.075
1 0.8884943181818182 0.18229166666666666 0.046875 0.06041666666666667
2 0.9446022727272727 0.14375 0.03125 0.05416666666666667