1 0.7684659090909091 0.75 0.22443181818181818 0.36666666666666664
1 0.7677556818181818 0.33645833333333336 0.10653409090909091 0.13958333333333334
1 0.2677556818181818 0.39166666666666666 0.20880681818181818 0.17083333333333334
1 0.4090909090909091 0.31979166666666664 0.13920454545454544 0.13125
1 0.5369318181818182 0.25729166666666664 0.10227272727272728 0.11041666666666666
2 0.8955965909090909 0.17916666666666667 0.06676136363636363 0.11666666666666667
1 0.7904829545454546 0.19375 0.05823863636363636 0.0875
1 0.7144886363636364 0.16875 0.05965909090909091 0.1
2 0.8529829545454546 0.14166666666666666 0.041193181818181816 0.07083333333333333
0 0.9694602272727273 0.1375 0.018465909090909092 0.04583333333333333
3 0.8224431818181818 0.09791666666666667 0.048295454545454544 0.0875