1 0.38139204545454547 0.490625 0.2372159090909091 0.29375
1 0.26704545454545453 0.38958333333333334 0.20738636363636365 0.17083333333333334
1 0.4225852272727273 0.3645833333333333 0.17755681818181818 0.12083333333333333
1 0.41051136363636365 0.3104166666666667 0.13920454545454544 0.10833333333333334
2 0.5880681818181818 0.340625 0.13636363636363635 0.21458333333333332
1 0.5355113636363636 0.25416666666666665 0.09943181818181818 0.1125
1 0.6825284090909091 0.28958333333333336 0.07528409090909091 0.1125
1 0.7471590909090909 0.253125 0.07386363636363637 0.09375
1 0.8032670454545454 0.19791666666666666 0.05823863636363636 0.07916666666666666
2 0.7144886363636364 0.16770833333333332 0.05965909090909091 0.10208333333333333
2 0.765625 0.16666666666666666 0.0625 0.09583333333333334
1 0.8508522727272727 0.15625 0.03977272727272727 0.05416666666666667
3 0.7926136363636364 0.11354166666666667 0.06818181818181818 0.09791666666666667
1 0.8323863636363636 0.11770833333333333 0.028409090909090908 0.04375
1 0.8735795454545454 0.11666666666666667 0.028409090909090908 0.041666666666666664
2 0.9332386363636364 0.13541666666666666 0.03125 0.05