1 0.3821022727272727 0.49166666666666664 0.23863636363636365 0.3
1 0.2663352272727273 0.39375 0.21164772727272727 0.175
1 0.4211647727272727 0.3729166666666667 0.18039772727272727 0.14166666666666666
1 0.4090909090909091 0.31354166666666666 0.14204545454545456 0.11875
2 0.5887784090909091 0.3416666666666667 0.1377840909090909 0.22083333333333333
1 0.5369318181818182 0.25729166666666664 0.09943181818181818 0.11875
1 0.6796875 0.290625 0.08096590909090909 0.11458333333333333
1 0.7457386363636364 0.253125 0.07386363636363637 0.09375
1 0.8025568181818182 0.19895833333333332 0.05965909090909091 0.08125
2 0.7315340909090909 0.18333333333333332 0.07386363636363637 0.10833333333333334
2 0.7144886363636364 0.16666666666666666 0.0625 0.1
1 0.8430397727272727 0.16458333333333333 0.041193181818181816 0.058333333333333334
3 0.7904829545454546 0.1125 0.07528409090909091 0.10416666666666667
1 0.8323863636363636 0.11666666666666667 0.028409090909090908 0.041666666666666664
1 0.8693181818181818 0.12291666666666666 0.03125 0.04583333333333333
2 0.9261363636363636 0.12395833333333334 0.03125 0.04791666666666667
0 0.9644886363636364 0.13541666666666666 0.017045454545454544 0.041666666666666664
0 0.7840909090909091 0.165625 0.019886363636363636 0.04791666666666667
0 0.7840909090909091 0.16875 0.019886363636363636 0.05