1 0.26917613636363635 0.39375 0.20880681818181818 0.17083333333333334
1 0.4119318181818182 0.31979166666666664 0.13636363636363635 0.12708333333333333
1 0.5617897727272727 0.36041666666666666 0.1434659090909091 0.19166666666666668
1 0.5369318181818182 0.25833333333333336 0.10227272727272728 0.1125
1 0.9303977272727273 0.30104166666666665 0.08238636363636363 0.11041666666666666
2 0.7627840909090909 0.221875 0.07386363636363637 0.12291666666666666
2 0.7130681818181818 0.16666666666666666 0.05965909090909091 0.1
1 0.8245738636363636 0.16770833333333332 0.046875 0.05625
1 0.8970170454545454 0.16666666666666666 0.046875 0.0625
3 0.8153409090909091 0.10208333333333333 0.056818181818181816 0.09166666666666666
2 0.9176136363636364 0.11458333333333333 0.036931818181818184 0.06666666666666667
1 0.8735795454545454 0.121875 0.028409090909090908 0.03958333333333333