1 0.3821022727272727 0.4864583333333333 0.23863636363636365 0.29791666666666666
1 0.26704545454545453 0.39166666666666666 0.21022727272727273 0.17916666666666667
1 0.42045454545454547 0.378125 0.18181818181818182 0.15208333333333332
1 0.41051136363636365 0.3125 0.13920454545454544 0.11666666666666667
2 0.5880681818181818 0.34270833333333334 0.13636363636363635 0.21875
1 0.5376420454545454 0.2552083333333333 0.10369318181818182 0.11041666666666666
1 0.6782670454545454 0.2916666666666667 0.08380681818181818 0.1125
1 0.7471590909090909 0.2520833333333333 0.07386363636363637 0.09166666666666666
2 0.6917613636363636 0.196875 0.08522727272727272 0.12291666666666666
0 0.7542613636363636 0.18020833333333333 0.019886363636363636 0.06041666666666667
1 0.8032670454545454 0.19791666666666666 0.05823863636363636 0.07916666666666666
1 0.8380681818181818 0.171875 0.03977272727272727 0.05625
3 0.7919034090909091 0.11354166666666667 0.06960227272727272 0.10208333333333333
1 0.8316761363636364 0.11979166666666667 0.029829545454545456 0.04791666666666667
1 0.8643465909090909 0.13125 0.032670454545454544 0.04583333333333333
0 0.9552556818181818 0.13958333333333334 0.018465909090909092 0.04583333333333333