1 0.2684659090909091 0.39375 0.21022727272727273 0.175
1 0.40980113636363635 0.31875 0.140625 0.12916666666666668
1 0.6526988636363636 0.2947916666666667 0.10369318181818182 0.14791666666666667
1 0.9069602272727273 0.3958333333333333 0.11221590909090909 0.15
1 0.5376420454545454 0.25833333333333336 0.10369318181818182 0.1125
2 0.7137784090909091 0.16666666666666666 0.05823863636363636 0.1
2 0.8011363636363636 0.19270833333333334 0.05965909090909091 0.10208333333333333
1 0.8778409090909091 0.19895833333333332 0.05965909090909091 0.07708333333333334
2 0.9169034090909091 0.12916666666666668 0.04403409090909091 0.075
1 0.8487215909090909 0.14479166666666668 0.03835227272727273 0.052083333333333336
3 0.8181818181818182 0.10208333333333333 0.05397727272727273 0.09166666666666666