1 0.40482954545454547 0.4739583333333333 0.22443181818181818 0.28541666666666665
1 0.2684659090909091 0.39166666666666666 0.21022727272727273 0.175
1 0.41051136363636365 0.3177083333333333 0.13920454545454544 0.12708333333333333
2 0.6690340909090909 0.2875 0.10795454545454546 0.17083333333333334
1 0.5369318181818182 0.25833333333333336 0.09943181818181818 0.11666666666666667
1 0.7492897727272727 0.21666666666666667 0.06960227272727272 0.07916666666666666
2 0.7137784090909091 0.165625 0.061079545454545456 0.09791666666666667
1 0.9502840909090909 0.19375 0.05113636363636364 0.06666666666666667
1 0.8480113636363636 0.153125 0.036931818181818184 0.04791666666666667
3 0.8110795454545454 0.10416666666666667 0.0625 0.09583333333333334
1 0.9090909090909091 0.128125 0.03125 0.04791666666666667
1 0.8707386363636364 0.12708333333333333 0.028409090909090908 0.041666666666666664