1 0.3806818181818182 0.4895833333333333 0.23579545454545456 0.29583333333333334
1 0.2663352272727273 0.39166666666666666 0.20880681818181818 0.175
1 0.4211647727272727 0.378125 0.18323863636363635 0.15208333333333332
1 0.40980113636363635 0.3177083333333333 0.140625 0.12291666666666666
2 0.5873579545454546 0.3385416666666667 0.1377840909090909 0.21458333333333332
1 0.6825284090909091 0.28854166666666664 0.08380681818181818 0.11458333333333333
1 0.5362215909090909 0.26145833333333335 0.10369318181818182 0.12291666666666666
1 0.7535511363636364 0.246875 0.07244318181818182 0.09375
1 0.8125 0.19166666666666668 0.056818181818181816 0.075
2 0.8188920454545454 0.14270833333333333 0.05823863636363636 0.08125
3 0.7940340909090909 0.11041666666666666 0.07102272727272728 0.10416666666666667
1 0.8664772727272727 0.13541666666666666 0.03409090909090909 0.04583333333333333
2 0.9474431818181818 0.15833333333333333 0.03977272727272727 0.06666666666666667
2 0.7137784090909091 0.16770833333333332 0.05823863636363636 0.09791666666666667