1 0.4708806818181818 0.425 0.18892045454545456 0.24583333333333332
1 0.26917613636363635 0.39166666666666666 0.21164772727272727 0.175
1 0.40980113636363635 0.31979166666666664 0.140625 0.13125
1 0.5369318181818182 0.25833333333333336 0.10227272727272728 0.11666666666666667
2 0.7151988636363636 0.2552083333333333 0.08948863636363637 0.14791666666666667
1 0.9446022727272727 0.23854166666666668 0.0625 0.08125
1 0.7911931818181818 0.19166666666666668 0.056818181818181816 0.06666666666666667
2 0.7130681818181818 0.16354166666666667 0.05965909090909091 0.09375
1 0.9055397727272727 0.14479166666666668 0.03835227272727273 0.05625
1 0.8643465909090909 0.13541666666666666 0.029829545454545456 0.0375
3 0.8132102272727273 0.10208333333333333 0.061079545454545456 0.09166666666666666