2 0.8508522727272727 0.14583333333333334 0.03409090909090909 0.058333333333333334
2 0.9375 0.16875 0.03977272727272727 0.06666666666666667
1 0.8224431818181818 0.18541666666666667 0.05113636363636364 0.0625
0 0.7727272727272727 0.178125 0.019886363636363636 0.052083333333333336
2 0.7137784090909091 0.16666666666666666 0.05823863636363636 0.1
1 0.8565340909090909 0.23541666666666666 0.06534090909090909 0.07916666666666666
1 0.6903409090909091 0.27395833333333336 0.07954545454545454 0.11875
1 0.5362215909090909 0.25833333333333336 0.10085227272727272 0.11666666666666667
1 0.4090909090909091 0.31875 0.13920454545454544 0.125
1 0.2684659090909091 0.39166666666666666 0.21022727272727273 0.17083333333333334
1 0.6044034090909091 0.559375 0.2059659090909091 0.26458333333333334