1 0.3806818181818182 0.49375 0.23579545454545456 0.3
1 0.2684659090909091 0.3927083333333333 0.21022727272727273 0.17291666666666666
1 0.41051136363636365 0.3177083333333333 0.13920454545454544 0.12291666666666666
2 0.5887784090909091 0.34270833333333334 0.1377840909090909 0.21875
1 0.5369318181818182 0.2552083333333333 0.10227272727272728 0.10625
1 0.7769886363636364 0.215625 0.05965909090909091 0.07291666666666667
2 0.7137784090909091 0.16770833333333332 0.05823863636363636 0.10208333333333333
1 0.8330965909090909 0.17395833333333333 0.04403409090909091 0.06041666666666667
0 0.9928977272727273 0.23229166666666667 0.008522727272727272 0.06458333333333334
1 0.8629261363636364 0.134375 0.03551136363636364 0.052083333333333336
3 0.8025568181818182 0.10625 0.06818181818181818 0.09583333333333334
1 0.9417613636363636 0.12916666666666668 0.03125 0.041666666666666664