1 0.2684659090909091 0.390625 0.21022727272727273 0.17291666666666666
1 0.4083806818181818 0.31979166666666664 0.140625 0.13125
1 0.5369318181818182 0.25729166666666664 0.10227272727272728 0.11458333333333333
1 0.8558238636363636 0.5395833333333333 0.16051136363636365 0.22916666666666666
1 0.7329545454545454 0.23854166666666668 0.07670454545454546 0.11041666666666666
1 0.8416193181818182 0.24791666666666667 0.07528409090909091 0.1
2 0.7137784090909091 0.16770833333333332 0.061079545454545456 0.10208333333333333
2 0.8309659090909091 0.16354166666666667 0.048295454545454544 0.08125
2 0.9112215909090909 0.14895833333333333 0.052556818181818184 0.09375
3 0.8210227272727273 0.09791666666666667 0.048295454545454544 0.0875
1 0.8650568181818182 0.12604166666666666 0.03125 0.04375