1 0.3806818181818182 0.48854166666666665 0.23579545454545456 0.28958333333333336
1 0.2663352272727273 0.39375 0.20880681818181818 0.175
1 0.4225852272727273 0.37395833333333334 0.17755681818181818 0.14375
2 0.5880681818181818 0.3416666666666667 0.13636363636363635 0.21666666666666667
1 0.4090909090909091 0.31354166666666666 0.14204545454545456 0.11875
1 0.5383522727272727 0.2604166666666667 0.09943181818181818 0.11666666666666667
1 0.6853693181818182 0.28541666666666665 0.08096590909090909 0.10833333333333334
1 0.7642045454545454 0.2375 0.07102272727272728 0.09166666666666666
2 0.7144886363636364 0.16770833333333332 0.05965909090909091 0.10625
1 0.8203125 0.18333333333333332 0.052556818181818184 0.07083333333333333
2 0.8430397727272727 0.134375 0.04971590909090909 0.08125
3 0.7947443181818182 0.11041666666666666 0.07244318181818182 0.10416666666666667
2 0.9559659090909091 0.171875 0.04261363636363636 0.07708333333333334