1 0.3806818181818182 0.49270833333333336 0.23579545454545456 0.28958333333333336
1 0.2684659090909091 0.390625 0.21022727272727273 0.17291666666666666
2 0.5866477272727273 0.340625 0.13920454545454544 0.21875
1 0.46732954545454547 0.35208333333333336 0.14488636363636365 0.13333333333333333
1 0.40767045454545453 0.31666666666666665 0.13920454545454544 0.12083333333333333
1 0.5369318181818182 0.2552083333333333 0.10227272727272728 0.11041666666666666
1 0.7151988636363636 0.26145833333333335 0.078125 0.10208333333333333
1 0.7997159090909091 0.20833333333333334 0.056818181818181816 0.075
2 0.7137784090909091 0.16770833333333332 0.061079545454545456 0.10208333333333333
2 0.9744318181818182 0.20520833333333333 0.045454545454545456 0.08541666666666667
1 0.8423295454545454 0.159375 0.045454545454545456 0.06458333333333334
3 0.7975852272727273 0.11041666666666666 0.06960227272727272 0.10416666666666667