1 0.6803977272727273 0.8697916666666666 0.2840909090909091 0.24791666666666667
1 0.5887784090909091 0.5541666666666667 0.2002840909090909 0.26666666666666666
1 0.27201704545454547 0.5854166666666667 0.28267045454545453 0.2791666666666667
1 0.2684659090909091 0.3927083333333333 0.21022727272727273 0.16875
1 0.40980113636363635 0.31979166666666664 0.1377840909090909 0.12708333333333333
1 0.5369318181818182 0.2604166666666667 0.09943181818181818 0.11666666666666667
2 0.8600852272727273 0.22083333333333333 0.08664772727272728 0.14583333333333334
2 0.7130681818181818 0.16770833333333332 0.05965909090909091 0.10208333333333333
1 0.8309659090909091 0.16145833333333334 0.045454545454545456 0.06458333333333334
0 0.9751420454545454 0.15416666666666667 0.02130681818181818 0.05416666666666667
2 0.8671875 0.12291666666666666 0.032670454545454544 0.058333333333333334
3 0.8252840909090909 0.096875 0.045454545454545456 0.08541666666666667