1 0.3806818181818182 0.490625 0.23579545454545456 0.30625
1 0.26917613636363635 0.39166666666666666 0.21164772727272727 0.175
1 0.40980113636363635 0.3177083333333333 0.1377840909090909 0.12291666666666666
2 0.6015625 0.33229166666666665 0.12926136363636365 0.21041666666666667
1 0.5369318181818182 0.259375 0.10511363636363637 0.11458333333333333
2 0.7137784090909091 0.165625 0.061079545454545456 0.09791666666666667
1 0.8075284090909091 0.190625 0.04971590909090909 0.06875
1 0.8465909090909091 0.15416666666666667 0.03977272727272727 0.058333333333333334
1 0.8700284090909091 0.125 0.032670454545454544 0.04583333333333333
3 0.8061079545454546 0.10520833333333333 0.06392045454545454 0.09375
1 0.9474431818181818 0.146875 0.036931818181818184 0.04375