1 0.38139204545454547 0.48854166666666665 0.2372159090909091 0.29375
1 0.2677556818181818 0.39166666666666666 0.20880681818181818 0.175
1 0.4211647727272727 0.375 0.18039772727272727 0.14583333333333334
1 0.41051136363636365 0.31354166666666666 0.13920454545454544 0.11458333333333333
2 0.5873579545454546 0.340625 0.13494318181818182 0.21458333333333332
1 0.5369318181818182 0.25833333333333336 0.10227272727272728 0.1125
1 0.6803977272727273 0.2916666666666667 0.07954545454545454 0.1125
1 0.7450284090909091 0.253125 0.07528409090909091 0.09375
2 0.6541193181818182 0.21041666666666667 0.09232954545454546 0.12916666666666668
0 0.7159090909090909 0.203125 0.02556818181818182 0.06875
2 0.7151988636363636 0.16666666666666666 0.05823863636363636 0.1
1 0.8025568181818182 0.196875 0.05965909090909091 0.07708333333333334
1 0.8345170454545454 0.17395833333333333 0.041193181818181816 0.05625
1 0.859375 0.1375 0.03409090909090909 0.05416666666666667
3 0.7911931818181818 0.11354166666666667 0.06818181818181818 0.10625
1 0.8586647727272727 0.14166666666666666 0.03551136363636364 0.04583333333333333
0 0.9410511363636364 0.140625 0.02130681818181818 0.04791666666666667