1 0.3806818181818182 0.49270833333333336 0.23863636363636365 0.29791666666666666
1 0.2684659090909091 0.3927083333333333 0.21306818181818182 0.17291666666666666
2 0.5887784090909091 0.340625 0.1377840909090909 0.21875
1 0.5042613636363636 0.3375 0.13352272727272727 0.14166666666666666
1 0.4090909090909091 0.315625 0.13920454545454544 0.12291666666666666
1 0.5376420454545454 0.24791666666666667 0.10085227272727272 0.09583333333333334
1 0.7450284090909091 0.23854166666666668 0.06960227272727272 0.08958333333333333
2 0.7130681818181818 0.16875 0.05965909090909091 0.10416666666666667
1 0.8174715909090909 0.18958333333333333 0.04971590909090909 0.06666666666666667
1 0.8536931818181818 0.146875 0.03977272727272727 0.052083333333333336
3 0.7997159090909091 0.11041666666666666 0.07102272727272728 0.1
2 0.9829545454545454 0.21666666666666667 0.028409090909090908 0.0875