1 0.3806818181818182 0.490625 0.23863636363636365 0.29791666666666666
1 0.26917613636363635 0.39166666666666666 0.21164772727272727 0.175
1 0.43110795454545453 0.36666666666666664 0.18039772727272727 0.1375
1 0.40980113636363635 0.31354166666666666 0.140625 0.11875
2 0.5873579545454546 0.34270833333333334 0.140625 0.21875
1 0.5369318181818182 0.25729166666666664 0.10227272727272728 0.11458333333333333
1 0.6953125 0.2760416666666667 0.08380681818181818 0.11041666666666666
1 0.78125 0.225 0.06534090909090909 0.08333333333333333
2 0.7130681818181818 0.16770833333333332 0.0625 0.10208333333333333
1 0.8330965909090909 0.17291666666666666 0.04971590909090909 0.06666666666666667
3 0.796875 0.11145833333333334 0.07102272727272728 0.10208333333333333
2 0.859375 0.125 0.03977272727272727 0.075
2 0.9666193181818182 0.1875 0.052556818181818184 0.08333333333333333