1 0.3806818181818182 0.49166666666666664 0.23579545454545456 0.3
1 0.2677556818181818 0.3927083333333333 0.20880681818181818 0.17708333333333334
1 0.41051136363636365 0.31666666666666665 0.13920454545454544 0.125
2 0.6271306818181818 0.3145833333333333 0.12073863636363637 0.19583333333333333
1 0.5369318181818182 0.25729166666666664 0.10227272727272728 0.11458333333333333
1 0.6946022727272727 0.24583333333333332 0.07954545454545454 0.09166666666666666
2 0.7137784090909091 0.16354166666666667 0.061079545454545456 0.09375
1 0.8288352272727273 0.17291666666666666 0.04403409090909091 0.0625
1 0.9517045454545454 0.16770833333333332 0.04261363636363636 0.05625
1 0.8586647727272727 0.140625 0.032670454545454544 0.04791666666666667
3 0.8075284090909091 0.10520833333333333 0.06392045454545454 0.09791666666666667