1 0.413352 0.313542 0.161932 0.139583
1 0.683949 0.445833 0.180398 0.195833
0 0.875710 0.419792 0.049716 0.147917
1 0.636364 0.253125 0.093750 0.114583
0 0.690341 0.234375 0.042614 0.122917
1 0.844460 0.241667 0.075284 0.125000
1 0.940341 0.292708 0.082386 0.102083
1 0.904830 0.161458 0.051136 0.056250
0 0.957386 0.179167 0.031250 0.062500
0 0.838068 0.122917 0.019886 0.045833
0 0.950994 0.126042 0.018466 0.047917
0 0.566051 0.228125 0.035511 0.077083
1 0.985795 0.146875 0.028409 0.060417
1 0.991477 0.173958 0.017045 0.060417
1 0.806818 0.110417 0.028409 0.062500
1 0.904830 0.083333 0.025568 0.037500
