1 0.388494 0.831250 0.413352 0.337500
0 0.242898 0.486458 0.178977 0.177083
1 0.410511 0.318750 0.167614 0.129167
1 0.541903 0.309375 0.123580 0.147917
0 0.565341 0.239583 0.048295 0.070833
1 0.882102 0.182292 0.056818 0.064583
0 0.797585 0.151042 0.038352 0.060417
1 0.990057 0.175000 0.019886 0.058333
1 0.986506 0.153125 0.026989 0.060417
0 0.954545 0.170833 0.022727 0.066667
1 0.948864 0.154167 0.034091 0.050000
1 0.909091 0.141667 0.051136 0.066667
1 0.913352 0.107292 0.031250 0.047917
0 0.955256 0.113542 0.029830 0.035417
