1 0.661222 0.894792 0.282670 0.210417
1 0.496449 0.664583 0.342330 0.425000
1 0.407670 0.319792 0.159091 0.122917
1 0.674006 0.222917 0.083807 0.083333
1 0.705966 0.285417 0.082386 0.108333
1 0.846591 0.263542 0.079545 0.093750
0 0.962358 0.308333 0.052557 0.112500
0 0.953835 0.169792 0.032670 0.064583
1 0.985085 0.146875 0.029830 0.047917
1 0.990767 0.182292 0.018466 0.068750
0 0.720881 0.187500 0.041193 0.083333
0 0.848011 0.108333 0.019886 0.045833
1 0.809659 0.108333 0.042614 0.054167
1 0.912642 0.091667 0.032670 0.058333
0 0.564631 0.228125 0.041193 0.068750
