1 0.220170 0.880208 0.428977 0.239583
0 0.557528 0.940625 0.126420 0.118750
1 0.449574 0.481250 0.220170 0.216667
1 0.416193 0.311458 0.164773 0.139583
1 0.890625 0.438542 0.119318 0.189583
1 0.764915 0.351042 0.115057 0.181250
1 0.654119 0.241667 0.086648 0.104167
0 0.709517 0.210417 0.029830 0.083333
1 0.888494 0.205208 0.052557 0.064583
0 0.969460 0.222917 0.032670 0.079167
0 0.953125 0.144792 0.022727 0.043750
1 0.986506 0.153125 0.026989 0.043750
1 0.991477 0.175000 0.017045 0.058333
0 0.847301 0.116667 0.029830 0.050000
1 0.802557 0.113542 0.034091 0.056250
0 0.566051 0.223958 0.046875 0.077083
1 0.906960 0.081250 0.021307 0.045833
