0 0.439631 0.345833 0.061080 0.133333
0 0.564631 0.229167 0.038352 0.079167
2 0.223011 0.466667 0.264205 0.308333
2 0.605824 0.258333 0.095170 0.116667
2 0.825284 0.130208 0.059659 0.077083
1 0.815341 0.194792 0.048295 0.093750
1 0.776989 0.236458 0.059659 0.122917
1 0.715909 0.197917 0.102273 0.087500
1 0.705966 0.260417 0.093750 0.141667
1 0.594460 0.356250 0.154830 0.175000
1 0.354403 0.523958 0.274148 0.314583
1 0.875710 0.127083 0.029830 0.079167
1 0.882812 0.100000 0.032670 0.050000
1 0.931818 0.096875 0.036932 0.043750
