1 0.363636 0.536458 0.292614 0.310417
1 0.411222 0.306250 0.166193 0.166667
1 0.595170 0.363542 0.153409 0.193750
1 0.705256 0.264583 0.089489 0.116667
1 0.770597 0.228125 0.063920 0.093750
1 0.753551 0.188542 0.046875 0.081250
1 0.825284 0.183333 0.051136 0.083333
1 0.934659 0.100000 0.031250 0.054167
1 0.882102 0.105208 0.025568 0.056250
1 0.845170 0.117708 0.053977 0.072917
1 0.803267 0.107292 0.041193 0.060417
0 0.514205 0.296875 0.048295 0.127083
0 0.558949 0.234375 0.038352 0.085417
2 0.220881 0.459375 0.274148 0.297917
2 0.665483 0.239583 0.083807 0.137500
