2 0.234375 0.482292 0.275568 0.272917
2 0.623580 0.250000 0.122159 0.116667
1 0.359375 0.531250 0.312500 0.308333
1 0.411222 0.304167 0.149148 0.145833
1 0.588778 0.366667 0.154830 0.195833
1 0.704545 0.264583 0.093750 0.125000
1 0.725142 0.198958 0.072443 0.081250
1 0.775568 0.221875 0.102273 0.093750
1 0.818182 0.187500 0.051136 0.104167
1 0.878551 0.110417 0.035511 0.062500
1 0.935369 0.094792 0.029830 0.035417
2 0.833097 0.117708 0.041193 0.072917
0 0.567472 0.231250 0.035511 0.075000
0 0.483665 0.314583 0.041193 0.137500
