1 0.339489 0.529167 0.292614 0.345833
1 0.423295 0.305208 0.150568 0.143750
1 0.591619 0.364583 0.171875 0.204167
1 0.703125 0.275000 0.090909 0.133333
1 0.691051 0.215625 0.089489 0.102083
1 0.770597 0.223958 0.092330 0.110417
1 0.813920 0.183333 0.051136 0.095833
1 0.871449 0.131250 0.032670 0.066667
1 0.879261 0.101042 0.019886 0.047917
1 0.925426 0.094792 0.038352 0.056250
0 0.367188 0.351042 0.069602 0.118750
0 0.558949 0.233333 0.063920 0.062500
2 0.197443 0.476042 0.312500 0.302083
2 0.809659 0.141667 0.062500 0.070833
2 0.591619 0.270833 0.092330 0.108333
