1 0.345881 0.523958 0.291193 0.331250
1 0.413352 0.313542 0.167614 0.147917
1 0.593040 0.352083 0.149148 0.179167
1 0.710227 0.260417 0.096591 0.120833
1 0.776989 0.225000 0.071023 0.112500
1 0.772727 0.175000 0.051136 0.070833
1 0.827415 0.180208 0.075284 0.081250
1 0.847301 0.101042 0.035511 0.052083
1 0.798295 0.107292 0.042614 0.052083
1 0.941761 0.107292 0.036932 0.060417
0 0.551847 0.276042 0.038352 0.135417
0 0.570312 0.222917 0.046875 0.100000
2 0.238636 0.465625 0.306818 0.268750
2 0.687500 0.211458 0.085227 0.085417
1 0.877131 0.089583 0.032670 0.062500
