2 0.208807 0.479167 0.261364 0.300000
2 0.714489 0.196875 0.073864 0.093750
1 0.351562 0.530208 0.322443 0.327083
1 0.600852 0.356250 0.170455 0.212500
1 0.416903 0.320833 0.177557 0.125000
1 0.714489 0.255208 0.093750 0.131250
1 0.776989 0.222917 0.076705 0.108333
1 0.793324 0.153125 0.041193 0.060417
1 0.841619 0.168750 0.049716 0.058333
1 0.944602 0.105208 0.039773 0.031250
1 0.934659 0.092708 0.028409 0.027083
0 0.589489 0.252083 0.045455 0.095833
0 0.568182 0.227083 0.065341 0.054167
1 0.861506 0.098958 0.032670 0.068750
1 0.888494 0.082292 0.032670 0.056250
1 0.806108 0.110417 0.049716 0.054167
