2 0.109375 0.568750 0.215909 0.325000
2 0.568892 0.282292 0.103693 0.152083
2 0.789062 0.151042 0.052557 0.077083
0 0.282670 0.393750 0.088068 0.175000
0 0.560369 0.227083 0.041193 0.108333
1 0.312500 0.553125 0.343750 0.347917
1 0.423295 0.315625 0.153409 0.202083
1 0.592330 0.369792 0.176136 0.202083
1 0.676136 0.222917 0.093750 0.129167
1 0.714489 0.264583 0.127841 0.133333
1 0.772727 0.235417 0.065341 0.145833
1 0.813210 0.189583 0.063920 0.091667
1 0.870739 0.135417 0.042614 0.075000
1 0.879972 0.111458 0.032670 0.060417
1 0.933949 0.076042 0.035511 0.047917
