1 0.424006 0.489583 0.223011 0.233333
1 0.414062 0.318750 0.146307 0.141667
0 0.562500 0.230208 0.039773 0.064583
1 0.846591 0.273958 0.085227 0.110417
1 0.783381 0.220833 0.061080 0.070833
2 0.831676 0.171875 0.044034 0.064583
1 0.906250 0.146875 0.042614 0.060417
4 0.931108 0.086458 0.032670 0.072917
1 0.855114 0.146875 0.034091 0.043750
2 0.801136 0.111458 0.025568 0.039583
1 0.861506 0.082292 0.018466 0.027083
0 0.848722 0.104167 0.009943 0.029167
0 0.958097 0.120833 0.012784 0.029167
1 0.878551 0.101042 0.024148 0.031250
1 0.881392 0.073958 0.015625 0.022917
