1 0.145597 0.758333 0.288352 0.400000
1 0.414773 0.319792 0.147727 0.135417
0 0.561080 0.226042 0.042614 0.077083
2 0.683239 0.285417 0.090909 0.125000
1 0.776278 0.202083 0.058239 0.075000
1 0.835227 0.164583 0.042614 0.050000
1 0.864347 0.132292 0.029830 0.043750
1 0.914062 0.131250 0.035511 0.050000
1 0.909801 0.094792 0.026989 0.039583
4 0.924716 0.065625 0.025568 0.047917
1 0.877841 0.098958 0.022727 0.031250
1 0.847301 0.105208 0.026989 0.039583
0 0.803977 0.135417 0.017045 0.045833
2 0.805398 0.110417 0.031250 0.033333
