1 0.180398 0.660417 0.357955 0.412500
0 0.176136 0.442708 0.085227 0.168750
1 0.411222 0.318750 0.146307 0.137500
1 0.583097 0.368750 0.137784 0.175000
1 0.705966 0.261458 0.085227 0.114583
1 0.652699 0.237500 0.078125 0.087500
0 0.566051 0.231250 0.046875 0.070833
1 0.771307 0.227083 0.059659 0.091667
1 0.814631 0.191667 0.044034 0.070833
1 0.858665 0.144792 0.032670 0.047917
1 0.872869 0.120833 0.024148 0.037500
2 0.779119 0.157292 0.052557 0.081250
2 0.534091 0.307292 0.096591 0.127083
2 0.803977 0.110417 0.034091 0.037500
0 0.850852 0.082292 0.011364 0.031250
0 0.865767 0.078125 0.012784 0.027083
2 0.883523 0.073958 0.014205 0.031250
