1 0.063210 0.820833 0.123580 0.333333
1 0.414773 0.319792 0.142045 0.135417
0 0.563210 0.229167 0.038352 0.058333
1 0.747159 0.248958 0.068182 0.081250
1 0.881392 0.214583 0.061080 0.079167
4 0.927557 0.077083 0.031250 0.058333
1 0.909801 0.129167 0.035511 0.062500
2 0.816761 0.182292 0.045455 0.064583
2 0.802557 0.111458 0.031250 0.035417
1 0.843750 0.157292 0.039773 0.052083
1 0.865057 0.134375 0.028409 0.039583
0 0.845881 0.109375 0.012784 0.031250
1 0.858665 0.085417 0.024148 0.029167
1 0.875710 0.103125 0.024148 0.035417
0 0.953125 0.110417 0.011364 0.025000
