2 0.169034 0.663542 0.335227 0.331250
1 0.418324 0.318750 0.146307 0.137500
0 0.562500 0.230208 0.042614 0.064583
1 0.651989 0.294792 0.105114 0.110417
1 0.791193 0.202083 0.056818 0.070833
0 0.757812 0.165625 0.021307 0.064583
0 0.720881 0.129167 0.018466 0.037500
2 0.799716 0.111458 0.031250 0.043750
1 0.846591 0.152083 0.036932 0.054167
1 0.832386 0.123958 0.034091 0.039583
1 0.872869 0.118750 0.029830 0.041667
1 0.913352 0.106250 0.028409 0.033333
4 0.923295 0.056250 0.025568 0.041667
1 0.906250 0.081250 0.022727 0.029167
1 0.879972 0.078125 0.021307 0.035417
