2 0.553267 0.383333 0.134943 0.162500
1 0.415483 0.319792 0.143466 0.139583
0 0.566051 0.230208 0.035511 0.064583
1 0.731534 0.237500 0.073864 0.083333
1 0.817472 0.180208 0.046875 0.068750
0 0.784091 0.152083 0.019886 0.054167
1 0.857244 0.142708 0.038352 0.052083
1 0.914062 0.116667 0.032670 0.045833
1 0.908381 0.086458 0.021307 0.035417
4 0.925426 0.059375 0.021307 0.043750
1 0.875710 0.108333 0.024148 0.033333
1 0.841619 0.114583 0.032670 0.041667
2 0.803977 0.114583 0.031250 0.041667
1 0.881392 0.072917 0.015625 0.025000
