1 0.284091 0.556250 0.241477 0.316667
1 0.392045 0.812500 0.403409 0.375000
1 0.415483 0.318750 0.143466 0.129167
0 0.563210 0.229167 0.035511 0.062500
1 0.720170 0.261458 0.085227 0.097917
1 0.868608 0.212500 0.069602 0.100000
0 0.970170 0.146875 0.017045 0.043750
2 0.901989 0.161458 0.036932 0.068750
4 0.926136 0.103125 0.045455 0.093750
1 0.824574 0.180208 0.041193 0.056250
2 0.849432 0.146875 0.031250 0.043750
1 0.870739 0.138542 0.031250 0.039583
2 0.799716 0.111458 0.022727 0.047917
1 0.882812 0.085417 0.021307 0.029167
0 0.853693 0.089583 0.014205 0.029167
