1 0.551136 0.394792 0.150568 0.189583
1 0.409801 0.319792 0.140625 0.143750
1 0.633523 0.251042 0.085227 0.097917
1 0.702415 0.263542 0.089489 0.122917
1 0.769176 0.229167 0.063920 0.095833
1 0.813210 0.193750 0.044034 0.070833
1 0.852983 0.153125 0.035511 0.060417
2 0.759233 0.173958 0.061080 0.077083
0 0.565341 0.231250 0.042614 0.075000
2 0.479403 0.340625 0.126420 0.135417
2 0.801847 0.111458 0.026989 0.043750
0 0.845170 0.089583 0.014205 0.033333
0 0.862926 0.083333 0.009943 0.029167
2 0.882812 0.080208 0.018466 0.027083
