1 0.261364 0.465625 0.250000 0.256250
0 0.421875 0.268750 0.062500 0.075000
1 0.561790 0.240625 0.086648 0.093750
1 0.593040 0.357292 0.120739 0.147917
1 0.668324 0.609375 0.211648 0.281250
1 0.802557 0.331250 0.099432 0.125000
1 0.802557 0.196875 0.051136 0.068750
1 0.789773 0.115625 0.036932 0.043750
1 0.818182 0.138542 0.028409 0.039583
1 0.835938 0.156250 0.041193 0.062500
1 0.899148 0.178125 0.048295 0.068750
1 0.867898 0.115625 0.028409 0.043750
1 0.901989 0.137500 0.028409 0.037500
2 0.914062 0.094792 0.026989 0.056250
