1 0.111506 0.732292 0.220170 0.322917
0 0.421165 0.270833 0.058239 0.083333
1 0.546875 0.310417 0.125000 0.145833
1 0.558239 0.231250 0.090909 0.075000
1 0.676847 0.508333 0.163352 0.212500
1 0.711648 0.267708 0.085227 0.106250
1 0.792614 0.120833 0.034091 0.050000
1 0.833097 0.169792 0.041193 0.056250
1 0.870739 0.230208 0.065341 0.081250
1 0.896307 0.162500 0.036932 0.050000
1 0.830966 0.118750 0.025568 0.037500
1 0.855114 0.137500 0.034091 0.050000
2 0.911932 0.104167 0.031250 0.062500
1 0.875000 0.106250 0.022727 0.037500
