1 0.561790 0.251042 0.086648 0.106250
1 0.587358 0.590625 0.203125 0.268750
0 0.421875 0.276042 0.062500 0.077083
1 0.674006 0.304167 0.092330 0.116667
1 0.764915 0.218750 0.069602 0.087500
1 0.789773 0.121875 0.036932 0.043750
1 0.761364 0.173958 0.045455 0.047917
1 0.852273 0.146875 0.039773 0.056250
1 0.914773 0.137500 0.034091 0.050000
1 0.886364 0.200000 0.053977 0.062500
1 0.911222 0.277083 0.083807 0.100000
1 0.842330 0.109375 0.022727 0.031250
1 0.873580 0.103125 0.022727 0.031250
1 0.908381 0.114583 0.021307 0.033333
