2 0.281250 0.730208 0.553977 0.531250
2 0.713778 0.166667 0.046875 0.091667
2 0.972301 0.102083 0.026989 0.045833
0 0.474432 0.353125 0.045455 0.110417
0 0.929688 0.742708 0.072443 0.252083
0 0.849432 0.109375 0.008523 0.022917
0 0.790483 0.163542 0.012784 0.035417
0 0.774148 0.178125 0.011364 0.047917
0 0.754261 0.190625 0.017045 0.060417
1 0.851562 0.083333 0.015625 0.029167
1 0.881392 0.085417 0.015625 0.025000
1 0.868608 0.114583 0.018466 0.033333
1 0.835938 0.126042 0.024148 0.039583
1 0.877131 0.138542 0.021307 0.035417
1 0.845170 0.162500 0.031250 0.050000
1 0.826705 0.181250 0.039773 0.054167
1 0.794744 0.206250 0.055398 0.070833
1 0.860085 0.150000 0.021307 0.037500
1 0.668324 0.311458 0.098011 0.114583
1 0.537642 0.256250 0.098011 0.104167
1 0.414062 0.320833 0.140625 0.116667
1 0.269176 0.390625 0.211648 0.164583
1 0.402699 0.472917 0.177557 0.158333
3 0.796875 0.112500 0.068182 0.091667
