1 0.382812 0.495833 0.237216 0.291667
2 0.587358 0.343750 0.134943 0.212500
1 0.269176 0.393750 0.208807 0.170833
1 0.413352 0.316667 0.136364 0.108333
1 0.541903 0.256250 0.103693 0.104167
1 0.682528 0.296875 0.072443 0.102083
1 0.745739 0.255208 0.076705 0.089583
1 0.805398 0.201042 0.051136 0.072917
2 0.594460 0.246875 0.115057 0.156250
2 0.713778 0.166667 0.052557 0.091667
1 0.835938 0.178125 0.035511 0.052083
1 0.857244 0.145833 0.029830 0.045833
1 0.878551 0.127083 0.018466 0.029167
1 0.833807 0.118750 0.031250 0.041667
3 0.789062 0.111458 0.055398 0.097917
0 0.907670 0.151042 0.022727 0.047917
2 0.912642 0.101042 0.021307 0.035417
2 0.971591 0.101042 0.028409 0.043750
1 0.420455 0.370833 0.173295 0.125000
