2 0.819602 0.287500 0.079545 0.125000
2 0.899858 0.160417 0.066761 0.116667
2 0.973011 0.102083 0.025568 0.045833
2 0.715199 0.168750 0.055398 0.100000
0 0.971591 0.154167 0.017045 0.050000
0 0.621449 0.261458 0.035511 0.089583
0 0.225142 0.519792 0.092330 0.210417
0 0.079545 0.546875 0.127841 0.227083
1 0.882812 0.081250 0.018466 0.016667
1 0.879972 0.090625 0.018466 0.018750
1 0.848011 0.098958 0.017045 0.022917
1 0.867188 0.120833 0.024148 0.037500
1 0.868608 0.151042 0.026989 0.039583
1 0.837358 0.111458 0.021307 0.039583
1 0.820312 0.146875 0.035511 0.052083
1 0.842330 0.169792 0.036932 0.052083
1 0.787642 0.208333 0.061080 0.070833
1 0.941051 0.245833 0.066761 0.091667
1 0.750000 0.385417 0.116477 0.141667
1 0.835227 0.654167 0.213068 0.412500
1 0.243608 0.850000 0.481534 0.300000
1 0.504972 0.442708 0.180398 0.177083
1 0.541193 0.261458 0.096591 0.114583
1 0.411932 0.317708 0.133523 0.118750
1 0.267045 0.386458 0.201705 0.156250
3 0.793324 0.116667 0.066761 0.108333
