2 0.073153 0.514583 0.143466 0.391667
2 0.714489 0.168750 0.051136 0.095833
2 0.973722 0.103125 0.026989 0.043750
0 0.306108 0.432292 0.072443 0.147917
0 0.599432 0.281250 0.028409 0.079167
0 0.769886 0.177083 0.011364 0.050000
0 0.785511 0.165625 0.011364 0.047917
0 0.799716 0.151042 0.011364 0.031250
0 0.841619 0.100000 0.004261 0.012500
0 0.853693 0.104167 0.005682 0.016667
0 0.849432 0.127083 0.008523 0.020833
1 0.855114 0.080208 0.014205 0.022917
1 0.881392 0.082292 0.018466 0.027083
1 0.869318 0.110417 0.017045 0.029167
1 0.875710 0.135417 0.021307 0.037500
1 0.863636 0.150000 0.019886 0.037500
1 0.833807 0.125000 0.022727 0.041667
1 0.844460 0.160417 0.029830 0.050000
1 0.830966 0.181250 0.034091 0.054167
1 0.802557 0.197917 0.051136 0.066667
1 0.713778 0.278125 0.083807 0.097917
1 0.546875 0.394792 0.130682 0.164583
1 0.271307 0.391667 0.210227 0.158333
1 0.414062 0.319792 0.132102 0.114583
1 0.536932 0.261458 0.099432 0.106250
3 0.791903 0.113542 0.072443 0.093750
