1 0.382812 0.495833 0.237216 0.291667
2 0.587358 0.343750 0.134943 0.212500
1 0.269176 0.393750 0.208807 0.170833
1 0.413352 0.316667 0.136364 0.108333
1 0.682528 0.296875 0.072443 0.102083
1 0.745739 0.255208 0.076705 0.089583
1 0.805398 0.201042 0.051136 0.072917
2 0.544034 0.276042 0.136364 0.185417
2 0.713778 0.166667 0.052557 0.091667
1 0.835938 0.178125 0.035511 0.052083
1 0.868608 0.138542 0.024148 0.035417
1 0.833807 0.118750 0.031250 0.041667
3 0.789062 0.111458 0.055398 0.097917
2 0.906960 0.080208 0.021307 0.031250
2 0.973011 0.103125 0.031250 0.047917
1 0.876420 0.094792 0.022727 0.031250
1 0.316051 0.439583 0.197443 0.175000
1 0.848011 0.158333 0.036932 0.054167
0 0.866477 0.152083 0.014205 0.037500
