1 0.215909 0.617708 0.332386 0.406250
2 0.575994 0.354167 0.134943 0.212500
1 0.269176 0.393750 0.208807 0.170833
1 0.672585 0.296875 0.072443 0.102083
1 0.745739 0.255208 0.076705 0.089583
1 0.805398 0.201042 0.051136 0.072917
2 0.443892 0.327083 0.171875 0.237500
2 0.713778 0.166667 0.052557 0.091667
1 0.835938 0.178125 0.035511 0.052083
1 0.846591 0.159375 0.031250 0.047917
1 0.833807 0.118750 0.031250 0.041667
3 0.789062 0.111458 0.055398 0.097917
2 0.907670 0.075000 0.019886 0.029167
2 0.973011 0.103125 0.031250 0.047917
1 0.120028 0.544792 0.237216 0.206250
1 0.866477 0.144792 0.022727 0.035417
0 0.833807 0.134375 0.014205 0.035417
0 0.763494 0.186458 0.018466 0.052083
1 0.552557 0.242708 0.068182 0.068750
1 0.863636 0.069792 0.014205 0.022917
0 0.847301 0.098958 0.009943 0.027083
0 0.859375 0.098958 0.008523 0.027083
0 0.852983 0.123958 0.009943 0.022917
1 0.870739 0.104167 0.019886 0.029167
1 0.875710 0.131250 0.021307 0.033333
1 0.883523 0.086458 0.014205 0.022917
