2 0.734375 0.348958 0.224432 0.322917
2 0.971591 0.098958 0.028409 0.043750
2 0.714489 0.165625 0.053977 0.089583
0 0.977983 0.283333 0.029830 0.095833
0 0.657670 0.232292 0.019886 0.052083
0 0.792614 0.161458 0.011364 0.039583
1 0.855824 0.084375 0.012784 0.018750
1 0.881392 0.088542 0.018466 0.022917
1 0.845881 0.096875 0.018466 0.031250
1 0.837358 0.128125 0.026989 0.039583
1 0.867898 0.114583 0.019886 0.037500
1 0.876420 0.141667 0.019886 0.037500
1 0.862926 0.152083 0.018466 0.037500
1 0.841619 0.165625 0.035511 0.052083
1 0.806818 0.202083 0.048295 0.062500
1 0.675426 0.290625 0.095170 0.110417
1 0.539773 0.258333 0.102273 0.108333
1 0.413352 0.320833 0.130682 0.125000
1 0.267756 0.392708 0.203125 0.168750
1 0.142756 0.730208 0.282670 0.360417
3 0.791903 0.114583 0.075284 0.104167
