2 0.325284 0.526042 0.255682 0.368750
2 0.229403 0.431250 0.288352 0.341667
0 0.439631 0.352083 0.049716 0.104167
0 0.669034 0.237500 0.022727 0.070833
0 0.783381 0.164583 0.018466 0.045833
0 0.808949 0.145833 0.012784 0.041667
0 0.844460 0.103125 0.009943 0.022917
0 0.856534 0.125000 0.008523 0.020833
0 0.856534 0.103125 0.008523 0.022917
2 0.905540 0.069792 0.012784 0.022917
2 0.971591 0.102083 0.022727 0.037500
1 0.855824 0.076042 0.012784 0.022917
1 0.882102 0.075000 0.017045 0.012500
1 0.883523 0.091667 0.014205 0.016667
1 0.868608 0.109375 0.018466 0.027083
1 0.876420 0.136458 0.022727 0.035417
1 0.864347 0.147917 0.018466 0.037500
1 0.835227 0.123958 0.022727 0.039583
1 0.845881 0.159375 0.029830 0.047917
1 0.831676 0.183333 0.032670 0.054167
1 0.801847 0.200000 0.052557 0.070833
1 0.736506 0.260417 0.072443 0.087500
1 0.537642 0.259375 0.095170 0.106250
1 0.618608 0.338542 0.103693 0.131250
1 0.422585 0.305208 0.112216 0.085417
2 0.715199 0.167708 0.049716 0.097917
3 0.793324 0.112500 0.066761 0.091667
