2 0.671875 0.467708 0.159091 0.243750
2 0.845881 0.221875 0.112216 0.185417
2 0.973722 0.102083 0.029830 0.045833
0 0.981534 0.195833 0.019886 0.058333
0 0.723011 0.202083 0.019886 0.054167
0 0.602983 0.276042 0.029830 0.097917
0 0.508523 0.332292 0.042614 0.102083
1 0.466619 0.377083 0.052557 0.133333
1 0.882812 0.075000 0.015625 0.016667
1 0.881392 0.090625 0.018466 0.022917
1 0.852273 0.091667 0.014205 0.020833
1 0.867188 0.115625 0.021307 0.039583
1 0.873580 0.143750 0.025568 0.041667
1 0.843040 0.105208 0.018466 0.035417
1 0.833807 0.137500 0.034091 0.041667
1 0.825994 0.177083 0.032670 0.054167
1 0.738636 0.260417 0.076705 0.087500
1 0.887784 0.426042 0.127841 0.185417
2 0.715199 0.166667 0.055398 0.083333
1 0.539062 0.260417 0.103693 0.100000
1 0.411932 0.318750 0.136364 0.125000
1 0.269886 0.397917 0.207386 0.166667
1 0.254972 0.597917 0.296875 0.350000
1 0.361506 0.823958 0.370739 0.352083
3 0.791193 0.114583 0.068182 0.104167
