2 0.899148 0.179167 0.042614 0.066667
2 0.915483 0.115625 0.038352 0.077083
2 0.974432 0.102083 0.025568 0.041667
2 0.715909 0.169792 0.051136 0.102083
0 0.948864 0.113542 0.011364 0.031250
0 0.455256 0.335417 0.046875 0.112500
0 0.819602 0.147917 0.014205 0.041667
0 0.803977 0.156250 0.014205 0.045833
1 0.879972 0.093750 0.018466 0.020833
1 0.882102 0.076042 0.014205 0.014583
1 0.875710 0.123958 0.018466 0.035417
1 0.834517 0.119792 0.021307 0.039583
1 0.860795 0.131250 0.022727 0.045833
1 0.952415 0.151042 0.035511 0.047917
1 0.953125 0.266667 0.079545 0.116667
1 0.835938 0.179167 0.041193 0.054167
1 0.872159 0.220833 0.053977 0.070833
1 0.774148 0.176042 0.048295 0.072917
1 0.785511 0.219792 0.053977 0.064583
1 0.796875 0.318750 0.093750 0.116667
1 0.886364 0.378125 0.099432 0.131250
1 0.564631 0.365625 0.143466 0.160417
1 0.539773 0.256250 0.099432 0.100000
1 0.414062 0.319792 0.134943 0.118750
1 0.269176 0.394792 0.211648 0.168750
1 0.188920 0.910417 0.372159 0.179167
3 0.794744 0.106250 0.066761 0.091667
