2 0.855114 0.241667 0.056818 0.095833
2 0.715199 0.170833 0.055398 0.104167
2 0.910511 0.137500 0.059659 0.100000
2 0.973722 0.101042 0.026989 0.047917
0 0.963068 0.137500 0.017045 0.037500
0 0.561790 0.290625 0.038352 0.093750
1 0.881392 0.077083 0.015625 0.016667
1 0.879972 0.092708 0.018466 0.018750
1 0.877841 0.116667 0.019886 0.029167
1 0.865767 0.119792 0.021307 0.035417
1 0.836648 0.113542 0.022727 0.039583
1 0.861506 0.156250 0.029830 0.045833
1 0.806818 0.155208 0.042614 0.056250
1 0.828125 0.182292 0.042614 0.052083
1 0.950284 0.205208 0.051136 0.068750
1 0.808239 0.308333 0.082386 0.108333
1 0.748580 0.236458 0.073864 0.093750
1 0.898438 0.432292 0.134943 0.218750
1 0.540483 0.255208 0.092330 0.110417
1 0.414773 0.319792 0.133523 0.127083
1 0.268466 0.394792 0.204545 0.168750
1 0.596591 0.548958 0.218750 0.239583
1 0.700284 0.836458 0.247159 0.327083
1 0.140625 0.760417 0.275568 0.375000
3 0.795455 0.115625 0.071023 0.110417
