2 0.482244 0.705208 0.285511 0.435417
2 0.800426 0.273958 0.154830 0.243750
2 0.972301 0.103125 0.032670 0.039583
2 0.713778 0.169792 0.058239 0.097917
0 0.981534 0.234375 0.025568 0.072917
0 0.598011 0.263542 0.028409 0.060417
0 0.637784 0.288542 0.028409 0.089583
0 0.668324 0.233333 0.024148 0.079167
0 0.762784 0.180208 0.017045 0.043750
1 0.851562 0.086458 0.015625 0.018750
1 0.879972 0.087500 0.021307 0.020833
1 0.867188 0.115625 0.018466 0.031250
1 0.845170 0.100000 0.017045 0.033333
1 0.835227 0.131250 0.025568 0.033333
1 0.875000 0.138542 0.022727 0.039583
1 0.859375 0.155208 0.025568 0.039583
1 0.841619 0.166667 0.032670 0.054167
1 0.803977 0.684375 0.210227 0.339583
1 0.550426 0.383333 0.154830 0.175000
1 0.543324 0.256250 0.098011 0.100000
1 0.412642 0.321875 0.137784 0.127083
1 0.269886 0.395833 0.218750 0.175000
3 0.793324 0.115625 0.075284 0.102083
