2 0.911222 0.156250 0.032670 0.062500
2 0.915483 0.104167 0.035511 0.075000
2 0.973011 0.102083 0.025568 0.041667
2 0.715199 0.166667 0.049716 0.083333
0 0.957386 0.739583 0.079545 0.279167
0 0.416903 0.346875 0.075284 0.114583
0 0.941761 0.106250 0.008523 0.033333
0 0.810369 0.154167 0.015625 0.041667
0 0.787642 0.166667 0.018466 0.050000
1 0.880682 0.077083 0.017045 0.016667
1 0.879972 0.093750 0.021307 0.020833
1 0.879261 0.108333 0.019886 0.025000
1 0.872869 0.127083 0.021307 0.033333
1 0.950284 0.135417 0.025568 0.041667
1 0.835938 0.116667 0.024148 0.041667
1 0.857244 0.134375 0.026989 0.047917
1 0.890625 0.190625 0.042614 0.060417
1 0.966619 0.221875 0.061080 0.097917
1 0.819602 0.191667 0.045455 0.062500
1 0.838068 0.262500 0.076705 0.091667
1 0.916903 0.293750 0.069602 0.095833
1 0.748580 0.191667 0.056818 0.070833
1 0.744318 0.251042 0.068182 0.077083
1 0.539062 0.257292 0.100852 0.102083
1 0.413352 0.316667 0.133523 0.108333
1 0.272017 0.391667 0.205966 0.170833
1 0.287642 0.582292 0.285511 0.335417
1 0.605824 0.543750 0.191761 0.220833
1 0.777699 0.682292 0.197443 0.327083
3 0.792614 0.114583 0.065341 0.095833
