2 0.764205 0.354167 0.107955 0.175000
2 0.714489 0.169792 0.053977 0.097917
2 0.878551 0.191667 0.086648 0.154167
2 0.973011 0.100000 0.031250 0.041667
0 0.978693 0.170833 0.019886 0.050000
0 0.676136 0.230208 0.025568 0.060417
0 0.486506 0.348958 0.046875 0.131250
0 0.365057 0.407292 0.068182 0.147917
1 0.882102 0.079167 0.014205 0.016667
1 0.878551 0.089583 0.018466 0.020833
1 0.850852 0.095833 0.014205 0.025000
1 0.868608 0.118750 0.024148 0.037500
1 0.839489 0.109375 0.019886 0.039583
1 0.826705 0.136458 0.028409 0.035417
1 0.850142 0.162500 0.026989 0.045833
1 0.813920 0.191667 0.053977 0.062500
1 0.663352 0.317708 0.102273 0.118750
1 0.639205 0.523958 0.170455 0.218750
1 0.539773 0.258333 0.093750 0.108333
1 0.411222 0.320833 0.129261 0.116667
1 0.269886 0.392708 0.210227 0.168750
3 0.794744 0.115625 0.069602 0.102083
