1 0.063210 0.758333 0.123580 0.383333
1 0.041903 0.543750 0.080966 0.133333
1 0.247869 0.396875 0.166193 0.177083
1 0.539773 0.251042 0.093750 0.097917
1 0.656960 0.308333 0.089489 0.116667
1 0.747159 0.256250 0.071023 0.091667
1 0.803267 0.203125 0.046875 0.077083
1 0.832386 0.180208 0.034091 0.056250
1 0.846591 0.157292 0.031250 0.056250
1 0.865767 0.146875 0.021307 0.043750
1 0.876420 0.135417 0.022727 0.041667
1 0.870028 0.111458 0.021307 0.031250
1 0.883523 0.086458 0.017045 0.027083
1 0.836648 0.121875 0.022727 0.035417
1 0.842330 0.075000 0.017045 0.025000
1 0.859375 0.071875 0.014205 0.027083
2 0.376420 0.362500 0.201705 0.279167
2 0.509943 0.396875 0.167614 0.256250
2 0.972301 0.103125 0.026989 0.043750
2 0.713778 0.165625 0.055398 0.085417
3 0.791903 0.115625 0.069602 0.106250
0 0.845170 0.100000 0.011364 0.025000
0 0.858665 0.101042 0.012784 0.027083
0 0.825284 0.138542 0.014205 0.035417
0 0.799006 0.155208 0.018466 0.043750
0 0.720881 0.209375 0.026989 0.064583
