2 0.402699 0.651042 0.626420 0.697917
2 0.715199 0.167708 0.055398 0.093750
2 0.973011 0.102083 0.028409 0.041667
0 0.260653 0.470833 0.086648 0.166667
0 0.963778 0.503125 0.052557 0.164583
0 0.732244 0.202083 0.021307 0.062500
0 0.759233 0.186458 0.015625 0.047917
0 0.779119 0.166667 0.012784 0.033333
0 0.822443 0.141667 0.011364 0.029167
0 0.848011 0.109375 0.008523 0.022917
1 0.862216 0.076042 0.014205 0.018750
1 0.849432 0.088542 0.014205 0.027083
1 0.879972 0.082292 0.015625 0.022917
1 0.866477 0.112500 0.017045 0.029167
1 0.875000 0.140625 0.019886 0.039583
1 0.862216 0.151042 0.019886 0.039583
1 0.838068 0.126042 0.022727 0.039583
1 0.845170 0.160417 0.028409 0.050000
1 0.823864 0.184375 0.042614 0.056250
1 0.778409 0.219792 0.059659 0.081250
1 0.620028 0.341667 0.089489 0.100000
1 0.539062 0.254167 0.092330 0.100000
1 0.411932 0.312500 0.133523 0.108333
1 0.267756 0.393750 0.211648 0.162500
1 0.119318 0.765625 0.235795 0.422917
3 0.794034 0.114583 0.071023 0.091667
