2 0.634233 0.471875 0.328125 0.493750
2 0.713778 0.164583 0.058239 0.087500
2 0.972301 0.101042 0.024148 0.039583
0 0.751420 0.182292 0.019886 0.039583
0 0.804688 0.152083 0.012784 0.033333
0 0.978693 0.363542 0.039773 0.118750
1 0.850852 0.082292 0.017045 0.018750
1 0.881392 0.080208 0.015625 0.014583
1 0.880682 0.100000 0.017045 0.025000
1 0.866477 0.116667 0.019886 0.033333
1 0.877131 0.142708 0.021307 0.039583
1 0.837358 0.128125 0.026989 0.043750
1 0.861506 0.153125 0.021307 0.039583
1 0.845881 0.163542 0.032670 0.056250
1 0.818182 0.190625 0.048295 0.056250
1 0.744318 0.244792 0.076705 0.085417
1 0.537642 0.257292 0.103693 0.106250
1 0.413352 0.321875 0.133523 0.118750
1 0.456676 0.473958 0.186080 0.214583
1 0.268466 0.393750 0.207386 0.170833
3 0.795455 0.117708 0.062500 0.102083
