2 0.879261 0.204167 0.051136 0.087500
2 0.910511 0.128125 0.051136 0.089583
2 0.973011 0.101042 0.025568 0.039583
2 0.716619 0.168750 0.052557 0.095833
0 0.505682 0.322917 0.039773 0.108333
0 0.955966 0.125000 0.011364 0.037500
0 0.826705 0.139583 0.017045 0.041667
1 0.882102 0.078125 0.014205 0.014583
1 0.879261 0.092708 0.019886 0.022917
1 0.862926 0.125000 0.024148 0.041667
1 0.878551 0.120833 0.015625 0.037500
1 0.837358 0.113542 0.021307 0.039583
1 0.848011 0.164583 0.034091 0.050000
1 0.953125 0.176042 0.042614 0.056250
1 0.791903 0.164583 0.044034 0.062500
1 0.811790 0.195833 0.046875 0.054167
1 0.843040 0.259375 0.066761 0.085417
1 0.931108 0.327083 0.100852 0.154167
1 0.683239 0.284375 0.093750 0.118750
1 0.731534 0.396875 0.127841 0.147917
1 0.831676 0.531250 0.149148 0.200000
1 0.537642 0.258333 0.100852 0.108333
1 0.411932 0.320833 0.133523 0.116667
1 0.267756 0.393750 0.208807 0.166667
3 0.791903 0.113542 0.069602 0.097917
