1 0.355824 0.507292 0.251420 0.297917
2 0.587358 0.343750 0.134943 0.212500
1 0.269176 0.393750 0.208807 0.170833
1 0.413352 0.316667 0.136364 0.108333
1 0.682528 0.296875 0.072443 0.102083
1 0.745739 0.255208 0.076705 0.089583
1 0.805398 0.201042 0.051136 0.072917
2 0.494318 0.301042 0.156250 0.214583
2 0.713778 0.166667 0.052557 0.091667
1 0.835938 0.178125 0.035511 0.052083
1 0.846591 0.159375 0.031250 0.047917
1 0.833807 0.118750 0.031250 0.041667
3 0.789062 0.111458 0.055398 0.097917
2 0.907670 0.075000 0.019886 0.029167
2 0.973011 0.103125 0.031250 0.047917
1 0.874290 0.096875 0.018466 0.027083
1 0.167614 0.520833 0.312500 0.245833
1 0.867898 0.143750 0.025568 0.037500
1 0.867898 0.120833 0.025568 0.025000
0 0.828835 0.132292 0.012784 0.039583
0 0.850142 0.088542 0.009943 0.027083
0 0.860085 0.091667 0.007102 0.025000
0 0.793324 0.161458 0.015625 0.035417
0 0.850142 0.122917 0.009943 0.029167
