2 0.972301 0.101042 0.024148 0.039583
2 0.713068 0.170833 0.051136 0.100000
0 0.950994 0.113542 0.012784 0.031250
0 0.241477 0.380208 0.079545 0.102083
1 0.910511 0.090625 0.017045 0.018750
1 0.931108 0.082292 0.015625 0.014583
1 0.940341 0.101042 0.019886 0.027083
1 0.913352 0.106250 0.019886 0.016667
1 0.878551 0.103125 0.015625 0.022917
1 0.873580 0.114583 0.017045 0.025000
1 0.844460 0.158333 0.038352 0.058333
1 0.903409 0.187500 0.051136 0.066667
1 0.805398 0.190625 0.048295 0.060417
1 0.761364 0.242708 0.071023 0.085417
1 0.857955 0.131250 0.025568 0.037500
1 0.536222 0.258333 0.100852 0.108333
1 0.410511 0.314583 0.142045 0.116667
1 0.294744 0.518750 0.276989 0.333333
3 0.789773 0.113542 0.062500 0.102083
