2 0.919744 0.125000 0.024148 0.041667
2 0.914062 0.083333 0.026989 0.045833
2 0.973011 0.101042 0.025568 0.039583
2 0.715199 0.163542 0.052557 0.089583
1 0.879261 0.090625 0.017045 0.022917
1 0.940341 0.110417 0.022727 0.029167
1 0.972301 0.166667 0.038352 0.062500
1 0.877131 0.115625 0.021307 0.027083
1 0.867898 0.136458 0.022727 0.039583
1 0.838068 0.122917 0.025568 0.045833
1 0.847301 0.141667 0.032670 0.054167
1 0.885653 0.191667 0.046875 0.058333
1 0.948864 0.202083 0.045455 0.058333
1 0.762074 0.242708 0.061080 0.081250
1 0.826705 0.280208 0.071023 0.089583
1 0.926847 0.320833 0.083807 0.112500
1 0.666193 0.250000 0.082386 0.116667
1 0.536932 0.257292 0.096591 0.106250
1 0.545455 0.398958 0.142045 0.152083
1 0.651278 0.492708 0.171875 0.231250
1 0.415483 0.313542 0.126420 0.102083
1 0.269176 0.391667 0.205966 0.162500
0 0.401989 0.344792 0.065341 0.118750
0 0.745028 0.193750 0.021307 0.054167
0 0.779830 0.179167 0.019886 0.045833
3 0.791903 0.115625 0.061080 0.097917
1 0.727983 0.855208 0.311080 0.289583
