2 0.973011 0.097917 0.025568 0.037500
2 0.713778 0.162500 0.058239 0.087500
0 0.964489 0.132292 0.019886 0.043750
0 0.324574 0.351042 0.069602 0.114583
1 0.905540 0.084375 0.015625 0.022917
1 0.928977 0.076042 0.014205 0.018750
1 0.937500 0.092708 0.017045 0.018750
1 0.948864 0.115625 0.025568 0.031250
1 0.916903 0.090625 0.015625 0.018750
1 0.915483 0.107292 0.026989 0.022917
1 0.916193 0.130208 0.028409 0.031250
1 0.881392 0.096875 0.015625 0.018750
1 0.878551 0.108333 0.015625 0.025000
1 0.864347 0.141667 0.029830 0.050000
1 0.833807 0.159375 0.034091 0.043750
1 0.820312 0.190625 0.049716 0.060417
1 0.800426 0.351042 0.103693 0.143750
1 0.666193 0.275000 0.105114 0.141667
1 0.538352 0.261458 0.099432 0.118750
1 0.412642 0.320833 0.137784 0.129167
1 0.153409 0.440625 0.264205 0.197917
1 0.119318 0.725000 0.235795 0.379167
3 0.790483 0.115625 0.069602 0.110417
