2 0.909091 0.075000 0.025568 0.037500
2 0.713778 0.163542 0.058239 0.081250
2 0.917614 0.101042 0.019886 0.022917
2 0.972301 0.102083 0.026989 0.041667
0 0.815341 0.872917 0.090909 0.254167
0 0.402699 0.342708 0.063920 0.114583
0 0.660511 0.242708 0.028409 0.072917
0 0.718750 0.223958 0.028409 0.064583
1 0.933949 0.092708 0.015625 0.022917
1 0.878551 0.096875 0.018466 0.035417
1 0.956676 0.134375 0.032670 0.047917
1 0.914062 0.121875 0.024148 0.031250
1 0.874290 0.123958 0.024148 0.035417
1 0.841619 0.117708 0.032670 0.031250
1 0.854403 0.148958 0.029830 0.043750
1 0.904119 0.148958 0.032670 0.043750
1 0.951705 0.157292 0.034091 0.039583
1 0.827415 0.162500 0.038352 0.066667
1 0.885653 0.198958 0.044034 0.056250
1 0.955256 0.213542 0.055398 0.068750
1 0.848722 0.246875 0.069602 0.097917
1 0.930398 0.368750 0.099432 0.150000
1 0.541193 0.256250 0.093750 0.104167
1 0.649858 0.342708 0.106534 0.139583
1 0.647017 0.526042 0.157670 0.218750
1 0.480824 0.358333 0.151989 0.187500
1 0.266335 0.392708 0.211648 0.156250
1 0.407670 0.310417 0.127841 0.095833
3 0.793324 0.114583 0.075284 0.108333
