2 0.911932 0.081250 0.025568 0.050000
2 0.919744 0.111458 0.024148 0.027083
2 0.971591 0.100000 0.022727 0.041667
2 0.715199 0.169792 0.052557 0.093750
0 0.404119 0.345833 0.066761 0.120833
0 0.710227 0.212500 0.022727 0.054167
0 0.752131 0.194792 0.024148 0.047917
1 0.878551 0.093750 0.021307 0.029167
1 0.938210 0.103125 0.018466 0.027083
1 0.875710 0.119792 0.021307 0.031250
1 0.840199 0.115625 0.026989 0.035417
1 0.863636 0.140625 0.019886 0.039583
1 0.838068 0.154167 0.034091 0.054167
1 0.967330 0.150000 0.031250 0.050000
1 0.953125 0.177083 0.034091 0.045833
1 0.897017 0.168750 0.035511 0.050000
1 0.944602 0.256250 0.059659 0.075000
1 0.864347 0.234375 0.055398 0.072917
1 0.793324 0.323958 0.092330 0.127083
1 0.715909 0.284375 0.073864 0.106250
1 0.878551 0.534375 0.169034 0.231250
1 0.602983 0.284375 0.106534 0.131250
1 0.538352 0.260417 0.096591 0.108333
1 0.412642 0.316667 0.132102 0.108333
1 0.268466 0.392708 0.204545 0.164583
1 0.209517 0.654167 0.342330 0.325000
3 0.792614 0.113542 0.068182 0.106250
