2 0.972301 0.104167 0.026989 0.045833
2 0.714489 0.166667 0.051136 0.091667
2 0.913352 0.083333 0.014205 0.012500
0 0.960227 0.370833 0.042614 0.125000
0 0.596591 0.300000 0.045455 0.108333
0 0.402699 0.343750 0.066761 0.112500
0 0.449574 0.370833 0.058239 0.137500
0 0.997159 0.172917 0.005682 0.062500
1 0.877131 0.104167 0.018466 0.029167
1 0.913352 0.104167 0.017045 0.025000
1 0.926136 0.081250 0.014205 0.020833
1 0.948864 0.110417 0.022727 0.033333
1 0.943182 0.133333 0.028409 0.033333
1 0.907670 0.118750 0.022727 0.029167
1 0.870739 0.129167 0.025568 0.033333
1 0.845881 0.138542 0.024148 0.047917
1 0.830966 0.169792 0.034091 0.052083
1 0.909091 0.156250 0.028409 0.045833
1 0.897727 0.178125 0.036932 0.064583
1 0.960938 0.162500 0.038352 0.045833
1 0.964489 0.234375 0.059659 0.081250
1 0.852273 0.247917 0.059659 0.079167
1 0.788352 0.190625 0.053977 0.077083
1 0.830966 0.553125 0.147727 0.231250
1 0.538352 0.260417 0.099432 0.120833
1 0.410511 0.321875 0.144886 0.127083
1 0.273438 0.394792 0.203125 0.172917
1 0.168324 0.754167 0.333807 0.462500
3 0.788352 0.117708 0.068182 0.106250
