2 0.973011 0.097917 0.019886 0.037500
2 0.715909 0.166667 0.053977 0.091667
0 0.972301 0.142708 0.018466 0.043750
0 0.352273 0.354167 0.079545 0.116667
1 0.904830 0.073958 0.011364 0.018750
1 0.905540 0.093750 0.015625 0.016667
1 0.909801 0.080208 0.009943 0.014583
1 0.932528 0.078125 0.015625 0.022917
1 0.939631 0.098958 0.018466 0.022917
1 0.954545 0.125000 0.028409 0.033333
1 0.915483 0.096875 0.015625 0.027083
1 0.916193 0.114583 0.022727 0.029167
1 0.916193 0.143750 0.031250 0.041667
1 0.884233 0.093750 0.012784 0.016667
1 0.879261 0.102083 0.017045 0.020833
1 0.868608 0.131250 0.026989 0.045833
1 0.842330 0.144792 0.025568 0.027083
1 0.837358 0.177083 0.044034 0.050000
1 0.737216 0.231250 0.076705 0.108333
1 0.536222 0.260417 0.106534 0.108333
1 0.412642 0.323958 0.137784 0.127083
1 0.453835 0.443750 0.191761 0.212500
1 0.519886 0.745833 0.292614 0.379167
1 0.193892 0.423958 0.234375 0.189583
3 0.791193 0.118750 0.062500 0.100000
