2 0.971591 0.101042 0.022727 0.039583
2 0.712358 0.166667 0.052557 0.091667
0 0.970881 0.288542 0.026989 0.097917
0 0.992188 0.154167 0.015625 0.050000
0 0.468040 0.366667 0.055398 0.112500
0 0.404830 0.345833 0.068182 0.116667
0 0.157670 0.505208 0.107955 0.193750
1 0.944602 0.105208 0.022727 0.035417
1 0.933949 0.118750 0.026989 0.029167
1 0.909091 0.110417 0.019886 0.029167
1 0.909801 0.092708 0.018466 0.014583
1 0.876420 0.108333 0.022727 0.033333
1 0.869318 0.131250 0.025568 0.037500
1 0.842330 0.146875 0.028409 0.056250
1 0.909091 0.158333 0.039773 0.050000
1 0.959517 0.143750 0.029830 0.041667
1 0.970881 0.198958 0.049716 0.068750
1 0.879261 0.203125 0.048295 0.060417
1 0.808949 0.183333 0.049716 0.062500
1 0.754261 0.220833 0.059659 0.100000
1 0.895597 0.367708 0.095170 0.127083
1 0.538352 0.259375 0.099432 0.102083
1 0.411222 0.317708 0.129261 0.122917
1 0.272017 0.391667 0.200284 0.162500
3 0.791193 0.110417 0.062500 0.095833
