2 0.906960 0.068750 0.021307 0.033333
2 0.914773 0.089583 0.014205 0.016667
2 0.973011 0.103125 0.025568 0.043750
2 0.713068 0.166667 0.051136 0.091667
0 0.915483 0.518750 0.061080 0.166667
0 0.402699 0.343750 0.063920 0.112500
0 0.583807 0.295833 0.039773 0.108333
0 0.666903 0.254167 0.035511 0.091667
1 0.928267 0.087500 0.012784 0.020833
1 0.915483 0.109375 0.021307 0.022917
1 0.880682 0.085417 0.017045 0.016667
1 0.877131 0.103125 0.018466 0.031250
1 0.845881 0.123958 0.026989 0.039583
1 0.870739 0.127083 0.022727 0.037500
1 0.906250 0.135417 0.025568 0.037500
1 0.952415 0.121875 0.026989 0.039583
1 0.948864 0.144792 0.031250 0.035417
1 0.958097 0.183333 0.044034 0.050000
1 0.899858 0.172917 0.035511 0.045833
1 0.843750 0.156250 0.031250 0.045833
1 0.811790 0.172917 0.044034 0.075000
1 0.879972 0.208333 0.052557 0.075000
1 0.954545 0.282292 0.082386 0.102083
1 0.787642 0.327083 0.086648 0.116667
1 0.541193 0.261458 0.099432 0.106250
1 0.414773 0.315625 0.133523 0.114583
1 0.512784 0.447917 0.173295 0.191667
1 0.280540 0.382292 0.183239 0.139583
1 0.152699 0.542708 0.299716 0.331250
1 0.627131 0.910417 0.279830 0.179167
3 0.795455 0.105208 0.073864 0.089583
