2 0.973722 0.102083 0.026989 0.045833
2 0.713778 0.161458 0.055398 0.085417
0 0.979403 0.233333 0.026989 0.070833
0 0.404119 0.346875 0.072443 0.118750
0 0.189631 0.521875 0.123580 0.181250
1 0.884233 0.086458 0.015625 0.018750
1 0.909801 0.084375 0.015625 0.014583
1 0.943182 0.100000 0.019886 0.033333
1 0.906250 0.101042 0.019886 0.022917
1 0.926136 0.110417 0.019886 0.029167
1 0.958097 0.135417 0.026989 0.033333
1 0.875000 0.111458 0.019886 0.035417
1 0.915483 0.143750 0.026989 0.045833
1 0.898438 0.175000 0.038352 0.058333
1 0.968750 0.173958 0.045455 0.060417
1 0.866477 0.136458 0.028409 0.035417
1 0.838778 0.120833 0.026989 0.033333
1 0.833097 0.160417 0.035511 0.062500
1 0.911222 0.279167 0.061080 0.091667
1 0.784801 0.204167 0.055398 0.083333
1 0.701705 0.255208 0.082386 0.127083
1 0.536932 0.261458 0.102273 0.114583
1 0.411222 0.318750 0.137784 0.120833
1 0.268466 0.384375 0.204545 0.139583
3 0.795455 0.117708 0.065341 0.110417
