2 0.919034 0.137500 0.028409 0.041667
2 0.914062 0.090625 0.032670 0.056250
2 0.972301 0.102083 0.026989 0.045833
2 0.715909 0.157292 0.051136 0.077083
0 0.986506 0.468750 0.026989 0.162500
0 0.796165 0.162500 0.021307 0.041667
0 0.771307 0.177083 0.017045 0.054167
0 0.404119 0.344792 0.066761 0.118750
1 0.881392 0.078125 0.015625 0.014583
1 0.879261 0.094792 0.019886 0.031250
1 0.837358 0.120833 0.026989 0.041667
1 0.870028 0.128125 0.026989 0.039583
1 0.853693 0.137500 0.028409 0.054167
1 0.903409 0.167708 0.039773 0.052083
1 0.972301 0.190625 0.044034 0.081250
1 0.936790 0.236458 0.052557 0.072917
1 0.866477 0.222917 0.059659 0.075000
1 0.798295 0.214583 0.053977 0.070833
1 0.710227 0.218750 0.068182 0.091667
1 0.676847 0.300000 0.092330 0.108333
1 0.757102 0.366667 0.102273 0.129167
1 0.882102 0.426042 0.119318 0.156250
1 0.539062 0.260417 0.098011 0.108333
1 0.411222 0.314583 0.134943 0.108333
1 0.264915 0.391667 0.205966 0.166667
1 0.195312 0.889583 0.382102 0.220833
3 0.789773 0.109375 0.071023 0.093750
