2 0.973722 0.103125 0.026989 0.043750
2 0.713778 0.171875 0.058239 0.102083
0 0.946733 0.103125 0.012784 0.027083
0 0.220170 0.367708 0.079545 0.118750
1 0.908381 0.089583 0.015625 0.020833
1 0.936080 0.090625 0.017045 0.022917
1 0.916903 0.132292 0.032670 0.043750
1 0.875000 0.110417 0.022727 0.025000
1 0.867898 0.126042 0.022727 0.031250
1 0.842330 0.153125 0.028409 0.052083
1 0.811080 0.184375 0.048295 0.068750
1 0.740057 0.242708 0.068182 0.081250
1 0.612926 0.348958 0.134943 0.135417
1 0.536932 0.260417 0.102273 0.112500
1 0.409091 0.322917 0.139205 0.125000
3 0.791193 0.113542 0.068182 0.097917
