2 0.972301 0.098958 0.024148 0.043750
2 0.713778 0.167708 0.052557 0.093750
0 0.947443 0.108333 0.011364 0.020833
0 0.218040 0.373958 0.080966 0.127083
1 0.909091 0.085417 0.017045 0.016667
1 0.936790 0.093750 0.018466 0.020833
1 0.910511 0.098958 0.017045 0.022917
1 0.875710 0.107292 0.018466 0.022917
1 0.869318 0.119792 0.022727 0.027083
1 0.851562 0.145833 0.026989 0.050000
1 0.914062 0.154167 0.038352 0.054167
1 0.830256 0.172917 0.044034 0.070833
1 0.779830 0.213542 0.056818 0.064583
1 0.707386 0.280208 0.096591 0.110417
1 0.537642 0.262500 0.103693 0.116667
1 0.409091 0.318750 0.139205 0.125000
3 0.791193 0.114583 0.068182 0.091667
