2 0.974432 0.101042 0.025568 0.039583
2 0.715909 0.171875 0.056818 0.102083
0 0.977983 0.159375 0.018466 0.047917
0 0.390625 0.347917 0.068182 0.120833
1 0.905540 0.080208 0.012784 0.022917
1 0.933949 0.085417 0.018466 0.029167
1 0.942472 0.105208 0.021307 0.022917
1 0.910511 0.086458 0.014205 0.014583
1 0.905540 0.100000 0.012784 0.020833
1 0.915483 0.105208 0.018466 0.027083
1 0.958097 0.136458 0.029830 0.043750
1 0.913352 0.127083 0.028409 0.029167
1 0.914773 0.162500 0.031250 0.041667
1 0.884233 0.092708 0.015625 0.022917
1 0.879261 0.098958 0.017045 0.018750
1 0.870739 0.125000 0.025568 0.041667
1 0.845170 0.135417 0.025568 0.029167
1 0.848011 0.165625 0.036932 0.047917
1 0.782670 0.200000 0.059659 0.095833
1 0.613636 0.333333 0.119318 0.150000
1 0.536932 0.260417 0.096591 0.116667
1 0.409801 0.320833 0.143466 0.116667
1 0.226562 0.402083 0.220170 0.154167
1 0.132812 0.638542 0.259943 0.410417
3 0.793324 0.114583 0.069602 0.100000
