2 0.973722 0.101042 0.024148 0.035417
2 0.712358 0.170833 0.061080 0.100000
0 0.983665 0.202083 0.024148 0.062500
0 0.402699 0.341667 0.072443 0.120833
1 0.910511 0.083333 0.014205 0.012500
1 0.938920 0.094792 0.019886 0.031250
1 0.884233 0.087500 0.015625 0.020833
1 0.873580 0.116667 0.022727 0.037500
1 0.907670 0.094792 0.014205 0.018750
1 0.919744 0.101042 0.018466 0.018750
1 0.916903 0.130208 0.024148 0.035417
1 0.953125 0.123958 0.028409 0.031250
1 0.841619 0.123958 0.024148 0.027083
1 0.862926 0.141667 0.029830 0.041667
1 0.905540 0.158333 0.035511 0.041667
1 0.969460 0.162500 0.041193 0.050000
1 0.825284 0.168750 0.039773 0.075000
1 0.912642 0.225000 0.052557 0.070833
1 0.754972 0.236458 0.069602 0.093750
1 0.537642 0.261458 0.100852 0.118750
1 0.625000 0.308333 0.113636 0.162500
1 0.409091 0.319792 0.142045 0.114583
1 0.262074 0.395833 0.211648 0.179167
3 0.794034 0.116667 0.073864 0.108333
