2 0.973011 0.102083 0.025568 0.041667
2 0.714489 0.170833 0.059659 0.095833
0 0.957386 0.122917 0.014205 0.033333
0 0.284091 0.361458 0.071023 0.122917
1 0.934659 0.087500 0.017045 0.020833
1 0.905540 0.080208 0.015625 0.018750
1 0.914773 0.086458 0.017045 0.018750
1 0.911932 0.100000 0.019886 0.020833
1 0.944602 0.107292 0.025568 0.027083
1 0.915483 0.117708 0.024148 0.031250
1 0.879972 0.101042 0.015625 0.027083
1 0.875000 0.112500 0.017045 0.025000
1 0.857244 0.146875 0.032670 0.056250
1 0.822443 0.175000 0.036932 0.050000
1 0.796875 0.209375 0.059659 0.072917
1 0.875000 0.241667 0.065341 0.087500
1 0.537642 0.255208 0.100852 0.102083
1 0.545455 0.345833 0.144886 0.183333
1 0.410511 0.319792 0.142045 0.122917
1 0.107955 0.488542 0.213068 0.239583
3 0.791193 0.113542 0.068182 0.102083
