2 0.970881 0.103125 0.026989 0.043750
2 0.715199 0.166667 0.055398 0.091667
0 0.984375 0.175000 0.019886 0.050000
0 0.404119 0.341667 0.072443 0.116667
1 0.906250 0.086458 0.017045 0.018750
1 0.936790 0.089583 0.018466 0.029167
1 0.946733 0.113542 0.024148 0.022917
1 0.915483 0.092708 0.015625 0.014583
1 0.906960 0.107292 0.015625 0.022917
1 0.916903 0.117708 0.024148 0.027083
1 0.879972 0.098958 0.012784 0.022917
1 0.872159 0.118750 0.022727 0.037500
1 0.845170 0.134375 0.025568 0.035417
1 0.855824 0.150000 0.032670 0.041667
1 0.910511 0.141667 0.031250 0.037500
1 0.963778 0.145833 0.035511 0.041667
1 0.913352 0.189583 0.042614 0.054167
1 0.809659 0.182292 0.045455 0.081250
1 0.698864 0.275000 0.088068 0.112500
1 0.538352 0.254167 0.096591 0.100000
1 0.410511 0.326042 0.139205 0.122917
1 0.461648 0.412500 0.187500 0.241667
1 0.251420 0.404167 0.213068 0.179167
3 0.791903 0.111458 0.069602 0.102083
