0 0.632812 0.207292 0.044034 0.072917
0 0.813920 0.144792 0.017045 0.039583
0 0.796875 0.153125 0.014205 0.052083
1 0.127841 0.418750 0.252841 0.325000
1 0.178977 0.513542 0.303977 0.306250
1 0.474432 0.295833 0.107955 0.133333
1 0.563210 0.257292 0.080966 0.106250
1 0.767756 0.385417 0.115057 0.145833
2 0.672585 0.778125 0.373580 0.443750
1 0.770597 0.169792 0.044034 0.060417
1 0.828835 0.183333 0.046875 0.066667
1 0.865057 0.135417 0.028409 0.045833
1 0.909091 0.121875 0.028409 0.039583
1 0.875710 0.088542 0.024148 0.027083
1 0.909801 0.091667 0.021307 0.016667
2 0.909801 0.057292 0.018466 0.027083
2 0.799006 0.108333 0.021307 0.041667
