0 0.635653 0.207292 0.049716 0.077083
0 0.786222 0.159375 0.018466 0.052083
0 0.803267 0.159375 0.018466 0.052083
1 0.131392 0.422917 0.259943 0.350000
1 0.475142 0.290625 0.112216 0.135417
1 0.562500 0.257292 0.082386 0.097917
1 0.647017 0.512500 0.166193 0.250000
2 0.868608 0.437500 0.151989 0.245833
1 0.865057 0.248958 0.068182 0.089583
1 0.772727 0.227083 0.062500 0.091667
1 0.751420 0.177083 0.045455 0.062500
1 0.852273 0.157292 0.036932 0.056250
1 0.855824 0.126042 0.024148 0.039583
1 0.871449 0.101042 0.021307 0.035417
1 0.910511 0.107292 0.022727 0.035417
2 0.799716 0.108333 0.019886 0.037500
0 0.818182 0.111458 0.011364 0.039583
