0 0.703835 0.200000 0.015625 0.066667
0 0.742188 0.185417 0.015625 0.062500
0 0.837358 0.101042 0.012784 0.035417
1 0.129261 0.428125 0.255682 0.356250
1 0.524858 0.695833 0.268466 0.404167
1 0.473011 0.291667 0.113636 0.129167
1 0.562500 0.261458 0.082386 0.102083
1 0.644176 0.228125 0.083807 0.085417
1 0.776278 0.212500 0.052557 0.083333
1 0.906250 0.167708 0.039773 0.056250
1 0.860085 0.115625 0.024148 0.039583
1 0.914062 0.117708 0.021307 0.031250
2 0.940341 0.097917 0.022727 0.037500
1 0.914062 0.102083 0.021307 0.016667
2 0.799716 0.113542 0.022727 0.047917
