0 0.637074 0.208333 0.041193 0.070833
0 0.762074 0.183333 0.015625 0.050000
0 0.786932 0.170833 0.017045 0.058333
2 0.949574 0.232292 0.069602 0.122917
1 0.130682 0.428125 0.258523 0.372917
1 0.325284 0.538542 0.261364 0.293750
1 0.760653 0.810417 0.240057 0.379167
1 0.726562 0.422917 0.137784 0.191667
1 0.477273 0.288542 0.105114 0.118750
1 0.561790 0.260417 0.083807 0.100000
1 0.875000 0.213542 0.048295 0.077083
1 0.723722 0.192708 0.061080 0.068750
1 0.830966 0.177083 0.039773 0.066667
1 0.857244 0.130208 0.029830 0.043750
1 0.913352 0.146875 0.034091 0.043750
1 0.906960 0.087500 0.021307 0.025000
2 0.801136 0.113542 0.028409 0.052083
