0 0.549716 0.309375 0.042614 0.106250
0 0.712358 0.187500 0.021307 0.062500
0 0.759943 0.154167 0.017045 0.058333
0 0.909091 0.140625 0.019886 0.047917
1 0.129261 0.427083 0.252841 0.345833
1 0.713778 0.518750 0.157670 0.237500
1 0.476562 0.293750 0.100852 0.133333
1 0.560369 0.256250 0.080966 0.087500
1 0.660511 0.328125 0.116477 0.131250
1 0.658381 0.220833 0.083807 0.083333
1 0.895597 0.196875 0.041193 0.068750
1 0.941761 0.148958 0.036932 0.039583
2 0.954545 0.115625 0.031250 0.039583
1 0.867898 0.111458 0.028409 0.027083
1 0.914062 0.116667 0.026989 0.029167
2 0.802557 0.110417 0.022727 0.041667
1 0.911932 0.094792 0.025568 0.022917
1 0.867188 0.080208 0.012784 0.027083
0 0.849432 0.079167 0.008523 0.037500
