1 0.129261 0.420833 0.255682 0.345833
1 0.768466 0.370833 0.107955 0.166667
1 0.676847 0.289583 0.092330 0.125000
1 0.475142 0.292708 0.106534 0.127083
1 0.560369 0.256250 0.086648 0.095833
1 0.906960 0.144792 0.038352 0.047917
2 0.818182 0.173958 0.048295 0.068750
1 0.789062 0.159375 0.038352 0.064583
1 0.836648 0.117708 0.025568 0.035417
1 0.871449 0.103125 0.024148 0.031250
2 0.801847 0.110417 0.018466 0.045833
0 0.634233 0.205208 0.044034 0.072917
2 0.909801 0.062500 0.021307 0.041667
1 0.913352 0.106250 0.028409 0.033333
