0 0.633523 0.208333 0.036932 0.075000
0 0.723011 0.218750 0.025568 0.087500
0 0.877131 0.207292 0.024148 0.077083
0 0.820312 0.115625 0.012784 0.047917
1 0.131392 0.426042 0.259943 0.347917
0 0.355114 0.421875 0.065341 0.168750
1 0.531250 0.427083 0.164773 0.195833
1 0.476562 0.287500 0.103693 0.129167
1 0.565341 0.258333 0.082386 0.095833
1 0.759233 0.418750 0.120739 0.158333
1 0.676847 0.216667 0.066761 0.079167
1 0.803977 0.201042 0.053977 0.064583
1 0.948864 0.211458 0.051136 0.060417
1 0.898438 0.162500 0.035511 0.054167
2 0.960938 0.145833 0.038352 0.058333
1 0.914062 0.120833 0.026989 0.029167
1 0.916193 0.096875 0.025568 0.027083
1 0.875000 0.086458 0.019886 0.027083
2 0.799006 0.111458 0.018466 0.039583
