0 0.633523 0.210417 0.045455 0.070833
0 0.608665 0.284375 0.032670 0.085417
0 0.833097 0.278125 0.035511 0.102083
0 0.753551 0.204167 0.024148 0.075000
0 0.735085 0.164583 0.018466 0.058333
0 0.823864 0.108333 0.014205 0.037500
1 0.127841 0.418750 0.252841 0.337500
1 0.370739 0.498958 0.207386 0.247917
1 0.293324 0.921875 0.362216 0.152083
1 0.475142 0.289583 0.100852 0.133333
1 0.563920 0.261458 0.085227 0.097917
1 0.718040 0.279167 0.086648 0.108333
1 0.693182 0.208333 0.056818 0.070833
1 0.936080 0.273958 0.068182 0.093750
1 0.882102 0.200000 0.045455 0.066667
1 0.828125 0.170833 0.039773 0.058333
1 0.962358 0.166667 0.044034 0.075000
1 0.912642 0.138542 0.029830 0.039583
1 0.915483 0.107292 0.026989 0.027083
2 0.799716 0.112500 0.017045 0.050000
