0 0.635653 0.209375 0.041193 0.072917
0 0.948153 0.098958 0.018466 0.027083
1 0.128551 0.423958 0.254261 0.343750
1 0.551136 0.378125 0.142045 0.164583
1 0.474432 0.287500 0.105114 0.120833
1 0.563210 0.259375 0.086648 0.097917
1 0.747869 0.238542 0.075284 0.106250
1 0.842330 0.253125 0.071023 0.102083
1 0.846591 0.155208 0.039773 0.056250
1 0.904830 0.157292 0.039773 0.056250
1 0.841619 0.112500 0.024148 0.033333
1 0.869318 0.112500 0.025568 0.037500
2 0.911932 0.083333 0.025568 0.045833
0 0.822443 0.111458 0.011364 0.039583
1 0.877131 0.079167 0.018466 0.025000
2 0.853693 0.090625 0.022727 0.022917
2 0.801136 0.111458 0.022727 0.052083
