0 0.633523 0.204167 0.042614 0.070833
0 0.839489 0.110417 0.014205 0.033333
1 0.129972 0.412500 0.257102 0.316667
1 0.084517 0.740625 0.166193 0.364583
2 0.685369 0.285417 0.106534 0.133333
2 0.909801 0.060417 0.021307 0.025000
1 0.477273 0.291667 0.105114 0.129167
1 0.563920 0.259375 0.079545 0.102083
1 0.684659 0.216667 0.071023 0.062500
1 0.815341 0.144792 0.034091 0.052083
1 0.902699 0.178125 0.046875 0.072917
1 0.864347 0.131250 0.029830 0.041667
1 0.911222 0.109375 0.024148 0.031250
1 0.875000 0.098958 0.019886 0.039583
1 0.909801 0.088542 0.026989 0.022917
2 0.799716 0.111458 0.025568 0.043750
