0 0.312500 0.427083 0.068182 0.175000
0 0.706676 0.189583 0.021307 0.058333
0 0.757102 0.161458 0.014205 0.056250
0 0.910511 0.117708 0.011364 0.027083
0 0.845881 0.088542 0.009943 0.035417
1 0.130682 0.426042 0.258523 0.343750
1 0.408381 0.516667 0.234375 0.250000
1 0.475852 0.288542 0.105114 0.122917
1 0.561790 0.260417 0.080966 0.095833
1 0.650568 0.220833 0.082386 0.083333
1 0.843750 0.290625 0.079545 0.097917
1 0.852983 0.131250 0.032670 0.045833
1 0.910511 0.160417 0.034091 0.050000
1 0.933239 0.131250 0.025568 0.037500
2 0.948153 0.111458 0.026989 0.039583
1 0.914773 0.103125 0.028409 0.031250
1 0.865767 0.086458 0.015625 0.031250
2 0.800426 0.114583 0.021307 0.041667
