0 0.633523 0.208333 0.048295 0.058333
0 0.815341 0.117708 0.014205 0.039583
1 0.127841 0.709375 0.252841 0.335417
1 0.130682 0.416667 0.258523 0.325000
1 0.475852 0.291667 0.107955 0.133333
1 0.563920 0.261458 0.079545 0.093750
1 0.647017 0.310417 0.103693 0.145833
1 0.818182 0.183333 0.045455 0.070833
1 0.881392 0.193750 0.052557 0.066667
1 0.912642 0.135417 0.032670 0.050000
2 0.863636 0.125000 0.031250 0.045833
1 0.833097 0.120833 0.024148 0.045833
0 0.945312 0.093750 0.015625 0.029167
2 0.910511 0.075000 0.022727 0.041667
1 0.875710 0.084375 0.021307 0.022917
2 0.801136 0.110417 0.017045 0.045833
