0 0.634943 0.216667 0.045455 0.062500
0 0.938920 0.088542 0.017045 0.018750
1 0.129972 0.427083 0.254261 0.345833
1 0.249290 0.850000 0.492898 0.300000
1 0.453835 0.455208 0.191761 0.235417
1 0.475142 0.290625 0.109375 0.118750
1 0.562500 0.260417 0.088068 0.108333
1 0.763494 0.225000 0.063920 0.104167
1 0.899148 0.165625 0.039773 0.064583
2 0.846591 0.145833 0.036932 0.054167
1 0.816761 0.137500 0.031250 0.050000
1 0.911932 0.118750 0.031250 0.041667
1 0.845881 0.110417 0.026989 0.029167
1 0.872159 0.092708 0.022727 0.031250
2 0.910511 0.068750 0.022727 0.041667
2 0.801136 0.113542 0.019886 0.043750
