0 0.632102 0.210417 0.042614 0.075000
1 0.130682 0.430208 0.258523 0.360417
1 0.495739 0.422917 0.173295 0.229167
1 0.473722 0.294792 0.106534 0.131250
1 0.562500 0.259375 0.076705 0.097917
2 0.773438 0.210417 0.063920 0.091667
1 0.867188 0.239583 0.069602 0.100000
1 0.829545 0.132292 0.031250 0.043750
1 0.867898 0.115625 0.031250 0.035417
1 0.910511 0.121875 0.028409 0.031250
2 0.909801 0.063542 0.018466 0.039583
1 0.876420 0.091667 0.022727 0.020833
1 0.911932 0.096875 0.025568 0.027083
1 0.750710 0.183333 0.049716 0.054167
0 0.848011 0.101042 0.014205 0.039583
2 0.801847 0.111458 0.021307 0.039583
