0 0.630682 0.208333 0.036932 0.058333
0 0.662642 0.261458 0.024148 0.081250
0 0.721591 0.181250 0.019886 0.062500
0 0.897727 0.166667 0.017045 0.058333
1 0.132102 0.427083 0.261364 0.345833
1 0.473722 0.289583 0.115057 0.125000
1 0.563920 0.259375 0.082386 0.097917
1 0.666193 0.216667 0.076705 0.075000
1 0.756392 0.246875 0.072443 0.093750
1 0.858665 0.263542 0.072443 0.093750
1 0.950994 0.176042 0.041193 0.056250
2 0.957386 0.128125 0.034091 0.052083
1 0.907670 0.135417 0.025568 0.037500
1 0.870739 0.098958 0.022727 0.031250
2 0.799716 0.111458 0.022727 0.052083
1 0.915483 0.104167 0.026989 0.025000
