0 0.635653 0.208333 0.044034 0.070833
0 0.612926 0.267708 0.029830 0.102083
0 0.948153 0.119792 0.024148 0.035417
1 0.129972 0.428125 0.254261 0.352083
1 0.475142 0.291667 0.112216 0.129167
1 0.561080 0.259375 0.082386 0.110417
1 0.803977 0.318750 0.093750 0.137500
1 0.769886 0.223958 0.059659 0.077083
1 0.820312 0.177083 0.044034 0.062500
1 0.855114 0.135417 0.028409 0.045833
1 0.872159 0.106250 0.022727 0.029167
1 0.858665 0.081250 0.018466 0.025000
1 0.880682 0.083333 0.019886 0.020833
2 0.799716 0.111458 0.025568 0.043750
