0 0.703125 0.195833 0.019886 0.066667
0 0.752131 0.173958 0.015625 0.060417
0 0.841619 0.093750 0.012784 0.033333
1 0.134943 0.418750 0.264205 0.337500
1 0.473722 0.291667 0.106534 0.133333
1 0.563920 0.258333 0.079545 0.095833
1 0.648438 0.225000 0.086648 0.087500
1 0.829545 0.161458 0.042614 0.064583
1 0.887074 0.214583 0.058239 0.070833
2 0.943892 0.106250 0.024148 0.045833
2 0.798295 0.112500 0.019886 0.045833
1 0.914773 0.134375 0.031250 0.035417
1 0.923295 0.116667 0.025568 0.025000
1 0.864347 0.098958 0.018466 0.022917
1 0.913352 0.091667 0.022727 0.033333
