0 0.703125 0.205208 0.028409 0.068750
0 0.737216 0.195833 0.022727 0.066667
0 0.831676 0.111458 0.015625 0.043750
1 0.131392 0.420833 0.259943 0.350000
1 0.475142 0.294792 0.103693 0.135417
1 0.562500 0.261458 0.079545 0.110417
1 0.647017 0.221875 0.080966 0.072917
1 0.676136 0.288542 0.102273 0.110417
1 0.776278 0.347917 0.106534 0.166667
1 0.917614 0.141667 0.034091 0.045833
1 0.855114 0.130208 0.028409 0.043750
1 0.911932 0.104167 0.022727 0.025000
2 0.937500 0.093750 0.019886 0.033333
1 0.878551 0.084375 0.024148 0.027083
2 0.800426 0.110417 0.021307 0.041667
