0 0.723011 0.220833 0.019886 0.075000
0 0.703125 0.204167 0.019886 0.070833
0 0.828835 0.117708 0.015625 0.043750
1 0.127841 0.428125 0.252841 0.364583
1 0.308239 0.546875 0.250000 0.293750
1 0.474432 0.290625 0.105114 0.122917
1 0.563210 0.259375 0.083807 0.097917
1 0.642045 0.228125 0.085227 0.089583
1 0.857244 0.233333 0.063920 0.100000
1 0.919744 0.122917 0.026989 0.041667
2 0.799716 0.113542 0.019886 0.047917
2 0.933239 0.085417 0.017045 0.029167
1 0.873580 0.089583 0.019886 0.025000
1 0.911932 0.094792 0.025568 0.027083
