0 0.635653 0.211458 0.041193 0.072917
0 0.457386 0.352083 0.059659 0.133333
0 0.948864 0.110417 0.022727 0.029167
1 0.129261 0.422917 0.255682 0.345833
1 0.578125 0.593750 0.215909 0.308333
1 0.475142 0.286458 0.106534 0.122917
1 0.562500 0.261458 0.082386 0.102083
1 0.681818 0.298958 0.088068 0.118750
1 0.776989 0.214583 0.056818 0.079167
1 0.865767 0.225000 0.066761 0.087500
1 0.841619 0.161458 0.038352 0.064583
1 0.913352 0.094792 0.031250 0.056250
1 0.867898 0.119792 0.028409 0.039583
1 0.850852 0.092708 0.019886 0.027083
1 0.875710 0.091667 0.018466 0.025000
2 0.799006 0.113542 0.024148 0.043750
