0 0.633523 0.209375 0.048295 0.068750
0 0.710938 0.419792 0.046875 0.152083
0 0.714489 0.221875 0.022727 0.072917
0 0.769886 0.187500 0.017045 0.062500
0 0.740767 0.157292 0.015625 0.056250
1 0.132102 0.431250 0.258523 0.358333
2 0.958807 0.193750 0.051136 0.100000
1 0.901989 0.411458 0.099432 0.164583
1 0.475852 0.287500 0.105114 0.129167
1 0.563210 0.259375 0.083807 0.102083
1 0.659091 0.306250 0.085227 0.133333
1 0.794034 0.210417 0.059659 0.075000
1 0.840199 0.270833 0.069602 0.104167
1 0.901989 0.168750 0.036932 0.054167
1 0.845170 0.147917 0.034091 0.050000
1 0.915483 0.122917 0.032670 0.029167
2 0.800426 0.115625 0.021307 0.047917
1 0.903409 0.080208 0.019886 0.027083
