0 0.634233 0.209375 0.046875 0.072917
0 0.776278 0.178125 0.018466 0.068750
0 0.793324 0.169792 0.018466 0.056250
1 0.132812 0.425000 0.262784 0.358333
1 0.223722 0.892708 0.441761 0.214583
1 0.474432 0.287500 0.107955 0.120833
1 0.564631 0.255208 0.080966 0.089583
1 0.656250 0.308333 0.110795 0.133333
1 0.819602 0.289583 0.079545 0.108333
2 0.928977 0.305208 0.096591 0.164583
1 0.903409 0.186458 0.048295 0.060417
1 0.828835 0.184375 0.049716 0.060417
1 0.845170 0.151042 0.031250 0.043750
1 0.867188 0.117708 0.029830 0.035417
1 0.907670 0.094792 0.022727 0.027083
1 0.734375 0.182292 0.051136 0.064583
2 0.799006 0.108333 0.021307 0.041667
0 0.816051 0.114583 0.012784 0.041667
