0 0.634233 0.207292 0.046875 0.068750
0 0.828835 0.127083 0.012784 0.041667
1 0.132102 0.423958 0.261364 0.347917
1 0.298295 0.848958 0.474432 0.302083
2 0.489347 0.421875 0.200284 0.214583
2 0.910511 0.053125 0.019886 0.031250
1 0.472301 0.278125 0.095170 0.106250
1 0.551136 0.303125 0.116477 0.114583
1 0.561080 0.244792 0.082386 0.068750
1 0.791903 0.158333 0.038352 0.054167
1 0.852983 0.152083 0.032670 0.062500
1 0.911222 0.143750 0.035511 0.054167
1 0.872159 0.117708 0.022727 0.039583
1 0.911222 0.098958 0.021307 0.027083
1 0.879261 0.082292 0.022727 0.027083
2 0.800426 0.109375 0.024148 0.039583
