0 0.638494 0.212500 0.044034 0.066667
0 0.071023 0.564583 0.139205 0.245833
0 0.949574 0.108333 0.021307 0.033333
1 0.129972 0.406250 0.254261 0.308333
1 0.477983 0.458333 0.180398 0.220833
1 0.475852 0.288542 0.107955 0.122917
1 0.561790 0.258333 0.083807 0.095833
1 0.692472 0.277083 0.083807 0.100000
1 0.777699 0.335417 0.103693 0.129167
1 0.806818 0.200000 0.053977 0.079167
1 0.895597 0.183333 0.052557 0.066667
1 0.858665 0.136458 0.032670 0.043750
1 0.845881 0.105208 0.024148 0.035417
2 0.872869 0.101042 0.026989 0.035417
1 0.914062 0.085417 0.026989 0.054167
2 0.799716 0.112500 0.019886 0.045833
