1 0.127131 0.418750 0.251420 0.320833
1 0.492188 0.356250 0.120739 0.141667
1 0.470881 0.301042 0.095170 0.139583
1 0.611506 0.350000 0.112216 0.170833
1 0.555398 0.263542 0.090909 0.102083
1 0.630682 0.232292 0.073864 0.085417
1 0.693182 0.246875 0.071023 0.077083
1 0.761364 0.383333 0.125000 0.137500
0 0.699574 0.200000 0.024148 0.054167
1 0.787642 0.219792 0.055398 0.081250
1 0.762074 0.168750 0.041193 0.058333
1 0.811790 0.179167 0.035511 0.066667
1 0.805398 0.136458 0.025568 0.043750
2 0.837358 0.158333 0.038352 0.062500
1 0.867898 0.137500 0.028409 0.050000
1 0.904830 0.163542 0.036932 0.052083
1 0.933949 0.110417 0.018466 0.037500
0 0.962358 0.131250 0.018466 0.041667
2 0.796875 0.100000 0.031250 0.054167
