2 0.215199 0.750000 0.427557 0.500000
1 0.125710 0.415625 0.248580 0.327083
0 0.168324 0.498958 0.115057 0.181250
0 0.290483 0.441667 0.098011 0.145833
1 0.405540 0.504167 0.205966 0.212500
0 0.283381 0.358333 0.080966 0.137500
1 0.472301 0.289583 0.103693 0.125000
1 0.561790 0.256250 0.078125 0.087500
1 0.620028 0.329167 0.126420 0.166667
1 0.642756 0.218750 0.089489 0.087500
0 0.693892 0.204167 0.041193 0.083333
1 0.756392 0.234375 0.069602 0.093750
1 0.870739 0.117708 0.025568 0.043750
1 0.845881 0.105208 0.021307 0.043750
2 0.799716 0.101042 0.025568 0.060417
