1 0.127841 0.420833 0.252841 0.350000
0 0.159091 0.496875 0.096591 0.214583
2 0.221591 0.714583 0.440341 0.437500
0 0.296875 0.455208 0.076705 0.181250
0 0.343040 0.356250 0.061080 0.141667
1 0.393466 0.501042 0.221591 0.235417
1 0.474432 0.294792 0.105114 0.127083
1 0.595881 0.354167 0.123580 0.175000
1 0.561790 0.257292 0.080966 0.102083
1 0.642756 0.227083 0.086648 0.083333
1 0.687500 0.279167 0.093750 0.116667
1 0.767756 0.225000 0.061080 0.087500
0 0.736506 0.206250 0.041193 0.058333
2 0.899858 0.175000 0.066761 0.112500
1 0.806108 0.159375 0.044034 0.052083
2 0.801847 0.100000 0.029830 0.062500
1 0.833097 0.120833 0.024148 0.025000
1 0.845881 0.102083 0.021307 0.025000
1 0.877131 0.101042 0.021307 0.031250
