1 0.102273 0.766667 0.201705 0.366667
0 0.081676 0.548958 0.126420 0.210417
1 0.125710 0.413542 0.248580 0.372917
0 0.264915 0.433333 0.066761 0.162500
1 0.535511 0.395833 0.159091 0.195833
1 0.475142 0.285417 0.109375 0.125000
1 0.556818 0.261458 0.088068 0.085417
1 0.681108 0.291667 0.100852 0.133333
1 0.634233 0.229167 0.083807 0.075000
1 0.756392 0.233333 0.063920 0.087500
1 0.711648 0.228125 0.059659 0.081250
1 0.776278 0.173958 0.046875 0.052083
0 0.750000 0.167708 0.017045 0.047917
0 0.972301 0.204167 0.024148 0.058333
1 0.968040 0.166667 0.038352 0.054167
1 0.831676 0.168750 0.038352 0.054167
1 0.847301 0.146875 0.026989 0.043750
2 0.801847 0.104167 0.024148 0.050000
1 0.825994 0.128125 0.024148 0.039583
1 0.872869 0.122917 0.029830 0.041667
