1 0.125000 0.419792 0.247159 0.335417
0 0.161932 0.505208 0.102273 0.206250
0 0.293324 0.455208 0.080966 0.193750
0 0.302557 0.361458 0.088068 0.131250
1 0.392756 0.520833 0.234375 0.250000
1 0.473722 0.287500 0.109375 0.125000
1 0.593750 0.347917 0.125000 0.175000
1 0.558239 0.251042 0.090909 0.106250
1 0.645597 0.212500 0.083807 0.087500
1 0.690341 0.275000 0.096591 0.112500
0 0.715199 0.198958 0.055398 0.068750
2 0.837358 0.320833 0.140625 0.237500
1 0.824574 0.172917 0.046875 0.075000
1 0.823864 0.134375 0.036932 0.052083
2 0.795455 0.106250 0.025568 0.050000
