1 0.130682 0.423958 0.258523 0.343750
0 0.160511 0.500000 0.110795 0.220833
0 0.299716 0.462500 0.099432 0.200000
2 0.655540 0.581250 0.526989 0.545833
1 0.390625 0.509375 0.218750 0.285417
1 0.596591 0.351042 0.125000 0.177083
1 0.473722 0.292708 0.109375 0.118750
1 0.559659 0.261458 0.088068 0.102083
1 0.645597 0.223958 0.095170 0.081250
1 0.701705 0.270833 0.093750 0.108333
0 0.712358 0.200000 0.046875 0.062500
1 0.855114 0.145833 0.036932 0.050000
1 0.836648 0.122917 0.031250 0.041667
2 0.804688 0.103125 0.035511 0.056250
0 0.298295 0.355208 0.073864 0.139583
