1 0.121449 0.427083 0.240057 0.325000
0 0.171165 0.497917 0.115057 0.212500
0 0.299716 0.461458 0.088068 0.181250
0 0.276989 0.415625 0.056818 0.131250
1 0.389915 0.514583 0.231534 0.275000
1 0.471591 0.292708 0.099432 0.118750
1 0.558239 0.260417 0.082386 0.108333
1 0.593040 0.346875 0.117898 0.177083
1 0.643466 0.226042 0.090909 0.072917
1 0.689631 0.285417 0.083807 0.125000
1 0.755682 0.234375 0.065341 0.093750
1 0.749290 0.180208 0.044034 0.056250
0 0.855824 0.220833 0.041193 0.066667
1 0.940341 0.190625 0.099432 0.060417
1 0.845881 0.153125 0.041193 0.043750
1 0.789773 0.160417 0.039773 0.050000
2 0.805398 0.101042 0.031250 0.060417
2 0.911932 0.126042 0.036932 0.043750
1 0.858665 0.123958 0.029830 0.031250
1 0.878551 0.102083 0.018466 0.033333
2 0.908381 0.073958 0.026989 0.039583
1 0.845881 0.106250 0.021307 0.025000
