1 0.130682 0.446875 0.258523 0.397917
0 0.030540 0.557292 0.058239 0.235417
1 0.499290 0.416667 0.171875 0.220833
1 0.471591 0.298958 0.099432 0.139583
1 0.555398 0.259375 0.082386 0.118750
1 0.611506 0.294792 0.083807 0.118750
1 0.627131 0.231250 0.083807 0.095833
1 0.714489 0.275000 0.073864 0.112500
1 0.737216 0.206250 0.062500 0.062500
0 0.718040 0.184375 0.029830 0.068750
1 0.865057 0.238542 0.059659 0.072917
1 0.808239 0.200000 0.051136 0.079167
1 0.787642 0.153125 0.038352 0.047917
1 0.830966 0.158333 0.031250 0.050000
1 0.823864 0.125000 0.031250 0.050000
0 0.968040 0.157292 0.015625 0.052083
1 0.940341 0.120833 0.022727 0.037500
1 0.867898 0.135417 0.022727 0.058333
2 0.799716 0.106250 0.031250 0.058333
2 0.850852 0.148958 0.025568 0.047917
