1 0.128551 0.438542 0.254261 0.372917
1 0.252131 0.606250 0.299716 0.362500
1 0.598011 0.629167 0.210227 0.283333
1 0.470881 0.296875 0.112216 0.131250
1 0.549716 0.322917 0.119318 0.125000
1 0.556108 0.255208 0.075284 0.093750
1 0.681108 0.297917 0.083807 0.145833
1 0.630682 0.232292 0.088068 0.097917
1 0.717330 0.221875 0.062500 0.081250
1 0.796165 0.209375 0.058239 0.081250
1 0.773438 0.167708 0.046875 0.056250
1 0.887074 0.194792 0.038352 0.047917
1 0.824574 0.167708 0.041193 0.056250
1 0.815341 0.132292 0.039773 0.047917
2 0.799716 0.102083 0.039773 0.062500
1 0.940341 0.109375 0.028409 0.039583
0 0.965199 0.144792 0.024148 0.043750
1 0.874290 0.133333 0.026989 0.050000
2 0.845881 0.156250 0.018466 0.058333
