1 0.127841 0.425000 0.252841 0.341667
0 0.161932 0.496875 0.093750 0.193750
0 0.295455 0.463542 0.079545 0.164583
0 0.302557 0.386458 0.056818 0.131250
1 0.389205 0.513542 0.224432 0.260417
1 0.474432 0.297917 0.113636 0.129167
1 0.558949 0.253125 0.078125 0.093750
1 0.642756 0.223958 0.089489 0.093750
1 0.589489 0.350000 0.127841 0.175000
1 0.690341 0.283333 0.090909 0.125000
1 0.755682 0.233333 0.059659 0.100000
0 0.799006 0.218750 0.041193 0.062500
2 0.901989 0.200000 0.065341 0.100000
1 0.814631 0.179167 0.049716 0.062500
1 0.784091 0.163542 0.036932 0.047917
1 0.811790 0.137500 0.024148 0.037500
2 0.796165 0.100000 0.035511 0.062500
1 0.861506 0.136458 0.026989 0.043750
1 0.867898 0.112500 0.028409 0.037500
2 0.914773 0.101042 0.036932 0.064583
