1 0.130682 0.425000 0.258523 0.362500
0 0.161222 0.513542 0.109375 0.227083
0 0.293324 0.463542 0.080966 0.185417
0 0.352273 0.353125 0.062500 0.143750
1 0.393466 0.519792 0.224432 0.247917
1 0.476562 0.289583 0.112216 0.116667
1 0.555398 0.256250 0.085227 0.100000
1 0.593040 0.350000 0.120739 0.175000
1 0.642756 0.215625 0.083807 0.085417
1 0.689631 0.283333 0.089489 0.112500
1 0.752841 0.242708 0.056818 0.093750
0 0.786932 0.212500 0.031250 0.062500
1 0.804688 0.169792 0.038352 0.064583
1 0.818182 0.140625 0.031250 0.035417
1 0.828125 0.118750 0.025568 0.037500
2 0.802557 0.103125 0.036932 0.056250
2 0.769176 0.432292 0.188920 0.243750
2 0.914062 0.134375 0.052557 0.064583
1 0.870739 0.114583 0.031250 0.050000
1 0.874290 0.091667 0.021307 0.029167
