1 0.127841 0.426042 0.252841 0.360417
0 0.161932 0.510417 0.082386 0.208333
0 0.280540 0.479167 0.103693 0.191667
0 0.277699 0.418750 0.078125 0.162500
1 0.383523 0.522917 0.238636 0.283333
1 0.477983 0.285417 0.106534 0.120833
1 0.592330 0.360417 0.133523 0.183333
1 0.561790 0.254167 0.080966 0.100000
1 0.633523 0.229167 0.093750 0.091667
1 0.692472 0.280208 0.086648 0.131250
1 0.755682 0.231250 0.062500 0.087500
1 0.736506 0.195833 0.049716 0.075000
1 0.789773 0.158333 0.036932 0.050000
0 0.767756 0.143750 0.018466 0.037500
0 0.901989 0.226042 0.045455 0.081250
1 0.969460 0.191667 0.061080 0.066667
1 0.842330 0.163542 0.042614 0.068750
2 0.911932 0.108333 0.031250 0.037500
1 0.852983 0.127083 0.018466 0.045833
2 0.792614 0.109375 0.028409 0.056250
1 0.835938 0.106250 0.021307 0.037500
1 0.877841 0.106250 0.017045 0.037500
