1 0.134233 0.438542 0.265625 0.381250
0 0.161222 0.505208 0.100852 0.218750
1 0.502131 0.427083 0.166193 0.200000
1 0.474432 0.283333 0.105114 0.104167
0 0.450284 0.336458 0.048295 0.114583
0 0.529830 0.318750 0.042614 0.108333
1 0.558239 0.254167 0.079545 0.087500
1 0.640625 0.233333 0.079545 0.075000
1 0.913352 0.203125 0.045455 0.064583
2 0.799006 0.102083 0.026989 0.062500
1 0.866477 0.127083 0.028409 0.041667
1 0.918324 0.131250 0.029830 0.037500
1 0.877131 0.097917 0.024148 0.037500
1 0.914773 0.106250 0.022727 0.033333
