1 0.127841 0.421875 0.252841 0.364583
0 0.167614 0.507292 0.093750 0.214583
0 0.301847 0.458333 0.080966 0.200000
0 0.338068 0.368750 0.082386 0.137500
1 0.399858 0.525000 0.223011 0.250000
1 0.477273 0.286458 0.105114 0.131250
1 0.561790 0.257292 0.089489 0.102083
1 0.642045 0.214583 0.090909 0.091667
1 0.693892 0.281250 0.092330 0.125000
1 0.801136 0.100000 0.028409 0.062500
1 0.819602 0.178125 0.042614 0.064583
0 0.855824 0.141667 0.026989 0.050000
1 0.881392 0.097917 0.021307 0.037500
1 0.853693 0.090625 0.025568 0.031250
1 0.916903 0.091667 0.024148 0.025000
