2 0.414062 0.707292 0.825284 0.585417
1 0.125710 0.415625 0.248580 0.322917
0 0.164773 0.495833 0.096591 0.187500
0 0.296875 0.453125 0.088068 0.197917
0 0.290483 0.359375 0.078125 0.147917
1 0.394176 0.497917 0.220170 0.191667
1 0.475142 0.289583 0.106534 0.112500
1 0.604403 0.343750 0.132102 0.162500
1 0.564631 0.254167 0.078125 0.104167
1 0.640625 0.226042 0.082386 0.077083
1 0.720881 0.256250 0.078125 0.120833
0 0.693892 0.198958 0.041193 0.068750
1 0.864347 0.135417 0.026989 0.050000
1 0.840199 0.113542 0.026989 0.039583
2 0.798295 0.108333 0.025568 0.058333
