1 0.127131 0.422917 0.251420 0.350000
0 0.168324 0.484375 0.106534 0.202083
0 0.296165 0.466667 0.083807 0.187500
0 0.317472 0.356250 0.083807 0.137500
1 0.392756 0.512500 0.208807 0.262500
1 0.598722 0.343750 0.126420 0.170833
1 0.692472 0.273958 0.080966 0.118750
1 0.477273 0.290625 0.102273 0.131250
1 0.558949 0.255208 0.078125 0.106250
1 0.639915 0.217708 0.089489 0.081250
2 0.862216 0.250000 0.113636 0.170833
1 0.806108 0.193750 0.052557 0.079167
1 0.814631 0.140625 0.044034 0.047917
2 0.799716 0.101042 0.031250 0.056250
