1 0.124290 0.421875 0.245739 0.356250
0 0.168324 0.500000 0.109375 0.212500
0 0.296165 0.467708 0.086648 0.193750
0 0.346591 0.363542 0.065341 0.152083
1 0.395597 0.519792 0.223011 0.243750
1 0.470881 0.287500 0.115057 0.120833
1 0.555398 0.260417 0.090909 0.100000
1 0.590199 0.353125 0.132102 0.168750
1 0.639915 0.226042 0.095170 0.085417
1 0.692472 0.281250 0.080966 0.125000
1 0.752841 0.237500 0.059659 0.100000
2 0.852273 0.320833 0.130682 0.162500
0 0.786932 0.217708 0.034091 0.068750
1 0.808239 0.168750 0.031250 0.058333
1 0.818182 0.133333 0.039773 0.037500
2 0.799716 0.104167 0.031250 0.054167
2 0.918324 0.119792 0.038352 0.077083
1 0.870739 0.126042 0.028409 0.035417
1 0.871449 0.094792 0.018466 0.031250
