1 0.127841 0.410417 0.252841 0.325000
1 0.136364 0.748958 0.269886 0.493750
0 0.161932 0.467708 0.073864 0.156250
1 0.726562 0.421875 0.132102 0.147917
1 0.639915 0.315625 0.100852 0.147917
1 0.475142 0.290625 0.098011 0.135417
1 0.554688 0.263542 0.078125 0.114583
1 0.628551 0.233333 0.075284 0.087500
1 0.671165 0.243750 0.058239 0.075000
1 0.740057 0.247917 0.062500 0.091667
0 0.734375 0.179167 0.017045 0.062500
1 0.756392 0.194792 0.046875 0.060417
1 0.821733 0.181250 0.046875 0.066667
1 0.808239 0.140625 0.031250 0.043750
1 0.842330 0.157292 0.036932 0.056250
1 0.867898 0.131250 0.025568 0.041667
1 0.955256 0.140625 0.041193 0.052083
0 0.974432 0.178125 0.028409 0.060417
1 0.836648 0.113542 0.028409 0.043750
1 0.799716 0.102083 0.028409 0.058333
