1 0.125710 0.426042 0.248580 0.347917
0 0.164773 0.505208 0.125000 0.206250
0 0.305398 0.473958 0.085227 0.206250
0 0.274148 0.415625 0.062500 0.156250
1 0.392756 0.503125 0.203125 0.260417
1 0.468040 0.293750 0.109375 0.125000
1 0.558949 0.252083 0.083807 0.100000
1 0.639915 0.220833 0.075284 0.087500
1 0.593040 0.343750 0.134943 0.175000
1 0.689631 0.282292 0.083807 0.131250
1 0.750000 0.239583 0.065341 0.100000
1 0.754972 0.181250 0.046875 0.058333
0 0.821733 0.218750 0.046875 0.062500
1 0.876420 0.188542 0.099432 0.072917
1 0.796165 0.147917 0.038352 0.050000
2 0.912642 0.140625 0.049716 0.064583
1 0.846591 0.146875 0.036932 0.047917
2 0.801847 0.104167 0.029830 0.054167
1 0.865057 0.118750 0.028409 0.041667
2 0.911932 0.085417 0.022727 0.037500
