1 0.127841 0.441667 0.252841 0.366667
0 0.161932 0.506250 0.096591 0.204167
0 0.299716 0.468750 0.096591 0.216667
0 0.283381 0.407292 0.058239 0.160417
1 0.393466 0.519792 0.224432 0.289583
1 0.475852 0.290625 0.107955 0.118750
1 0.558949 0.262500 0.086648 0.091667
1 0.590199 0.350000 0.129261 0.170833
1 0.640625 0.221875 0.093750 0.081250
1 0.683239 0.290625 0.090909 0.156250
1 0.752841 0.237500 0.062500 0.083333
0 0.799006 0.220833 0.049716 0.062500
1 0.770597 0.176042 0.044034 0.056250
1 0.828125 0.178125 0.068182 0.060417
1 0.805398 0.142708 0.031250 0.043750
2 0.909091 0.168750 0.048295 0.075000
2 0.911932 0.084375 0.036932 0.043750
1 0.855114 0.138542 0.031250 0.043750
1 0.865057 0.118750 0.031250 0.037500
2 0.799716 0.102083 0.034091 0.050000
