1 0.127131 0.427083 0.251420 0.358333
0 0.159091 0.502083 0.105114 0.200000
0 0.299006 0.463542 0.083807 0.185417
0 0.327415 0.364583 0.072443 0.150000
1 0.392756 0.515625 0.228693 0.239583
1 0.596591 0.351042 0.127841 0.172917
1 0.471591 0.290625 0.107955 0.127083
1 0.556108 0.258333 0.086648 0.087500
1 0.693182 0.280208 0.090909 0.106250
1 0.639915 0.226042 0.080966 0.089583
0 0.721591 0.204167 0.051136 0.062500
1 0.783381 0.215625 0.055398 0.085417
2 0.889915 0.206250 0.098011 0.137500
1 0.808239 0.154167 0.036932 0.054167
1 0.839489 0.114583 0.031250 0.037500
2 0.796875 0.110417 0.025568 0.041667
