1 0.129972 0.427083 0.257102 0.350000
0 0.161932 0.503125 0.099432 0.210417
0 0.296165 0.465625 0.080966 0.197917
0 0.350142 0.359375 0.061080 0.168750
1 0.389915 0.518750 0.228693 0.275000
2 0.577415 0.589583 0.356534 0.425000
1 0.593040 0.354167 0.137784 0.175000
1 0.475142 0.297917 0.100852 0.129167
1 0.556108 0.256250 0.083807 0.104167
1 0.642756 0.226042 0.086648 0.089583
1 0.693182 0.277083 0.090909 0.125000
1 0.755682 0.238542 0.065341 0.102083
2 0.910511 0.157292 0.062500 0.089583
1 0.805398 0.162500 0.042614 0.070833
1 0.824574 0.132292 0.024148 0.035417
1 0.839489 0.109375 0.031250 0.027083
2 0.796875 0.100000 0.028409 0.054167
1 0.874290 0.103125 0.021307 0.027083
