1 0.131392 0.431250 0.259943 0.362500
0 0.161932 0.500000 0.096591 0.208333
0 0.299716 0.463542 0.079545 0.197917
0 0.302557 0.363542 0.079545 0.135417
1 0.388494 0.518750 0.225852 0.241667
1 0.474432 0.286458 0.099432 0.131250
1 0.556108 0.254167 0.092330 0.095833
1 0.647017 0.316667 0.100852 0.154167
1 0.642756 0.222917 0.080966 0.087500
0 0.693182 0.204167 0.036932 0.075000
1 0.791193 0.206250 0.051136 0.079167
1 0.878551 0.106250 0.029830 0.037500
1 0.849432 0.093750 0.019886 0.033333
1 0.799716 0.102083 0.028409 0.058333
1 0.911222 0.087500 0.018466 0.025000
