1 0.124290 0.428125 0.245739 0.352083
0 0.170455 0.501042 0.110795 0.218750
0 0.296165 0.462500 0.080966 0.212500
0 0.304688 0.366667 0.095170 0.154167
1 0.392756 0.520833 0.228693 0.262500
1 0.470881 0.294792 0.103693 0.127083
2 0.796165 0.431250 0.268466 0.358333
1 0.558949 0.259375 0.080966 0.093750
1 0.593750 0.346875 0.125000 0.181250
1 0.692472 0.281250 0.098011 0.125000
1 0.640625 0.226042 0.093750 0.072917
0 0.718040 0.200000 0.049716 0.062500
1 0.843040 0.158333 0.044034 0.062500
1 0.830966 0.129167 0.031250 0.041667
2 0.802557 0.102083 0.034091 0.062500
