1 0.127841 0.419792 0.252841 0.335417
0 0.217330 0.476042 0.079545 0.193750
1 0.406250 0.481250 0.218750 0.287500
1 0.468750 0.289583 0.107955 0.137500
1 0.507812 0.727083 0.245739 0.337500
1 0.561790 0.258333 0.089489 0.112500
1 0.625000 0.229167 0.082386 0.083333
1 0.667614 0.290625 0.102273 0.122917
1 0.696023 0.229167 0.073864 0.083333
1 0.749290 0.242708 0.069602 0.081250
1 0.767756 0.181250 0.044034 0.062500
0 0.742898 0.171875 0.022727 0.052083
1 0.827415 0.173958 0.044034 0.056250
1 0.815341 0.128125 0.025568 0.039583
1 0.848722 0.151042 0.038352 0.047917
2 0.802557 0.103125 0.034091 0.056250
1 0.961648 0.155208 0.039773 0.043750
0 0.977983 0.193750 0.021307 0.054167
1 0.877131 0.121875 0.021307 0.043750
1 0.843750 0.102083 0.034091 0.045833
2 0.905540 0.087500 0.012784 0.041667
