1 0.130682 0.437500 0.258523 0.375000
0 0.102983 0.515625 0.106534 0.206250
1 0.474432 0.285417 0.107955 0.129167
1 0.595881 0.346875 0.140625 0.193750
1 0.558949 0.252083 0.080966 0.100000
1 0.627131 0.226042 0.075284 0.072917
1 0.646307 0.265625 0.093750 0.106250
1 0.734375 0.253125 0.062500 0.093750
1 0.811790 0.312500 0.080966 0.104167
1 0.749290 0.193750 0.046875 0.050000
0 0.723722 0.178125 0.024148 0.068750
1 0.817472 0.188542 0.049716 0.072917
1 0.799006 0.151042 0.044034 0.052083
2 0.802557 0.096875 0.028409 0.056250
1 0.953125 0.132292 0.031250 0.043750
0 0.971591 0.164583 0.025568 0.058333
2 0.842330 0.147917 0.031250 0.045833
1 0.865057 0.132292 0.031250 0.056250
2 0.830256 0.119792 0.032670 0.052083
