1 0.127841 0.417708 0.252841 0.331250
0 0.158381 0.500000 0.115057 0.200000
0 0.293324 0.463542 0.080966 0.181250
0 0.321023 0.377083 0.056818 0.141667
1 0.396307 0.509375 0.224432 0.268750
1 0.470881 0.288542 0.112216 0.127083
1 0.552557 0.255208 0.090909 0.093750
1 0.589489 0.353125 0.125000 0.181250
1 0.643466 0.221875 0.088068 0.077083
1 0.686790 0.279167 0.083807 0.120833
1 0.752131 0.243750 0.063920 0.112500
0 0.786932 0.217708 0.031250 0.068750
2 0.886364 0.247917 0.082386 0.112500
2 0.918324 0.106250 0.041193 0.062500
1 0.811080 0.171875 0.039773 0.056250
1 0.796165 0.146875 0.041193 0.056250
1 0.821023 0.127083 0.019886 0.037500
1 0.858665 0.125000 0.026989 0.037500
2 0.805398 0.103125 0.031250 0.056250
1 0.871449 0.102083 0.018466 0.033333
