1 0.123580 0.427083 0.244318 0.337500
0 0.174006 0.518750 0.112216 0.208333
0 0.142756 0.494792 0.078125 0.193750
0 0.283381 0.416667 0.072443 0.170833
1 0.280540 0.588542 0.288352 0.327083
1 0.474432 0.292708 0.099432 0.118750
1 0.558239 0.258333 0.090909 0.100000
1 0.627841 0.234375 0.076705 0.093750
1 0.583807 0.368750 0.133523 0.175000
1 0.683949 0.286458 0.083807 0.118750
1 0.750000 0.236458 0.062500 0.093750
1 0.720881 0.212500 0.046875 0.075000
1 0.780540 0.169792 0.038352 0.047917
0 0.758523 0.150000 0.028409 0.045833
0 0.946023 0.218750 0.031250 0.062500
1 0.980824 0.178125 0.038352 0.056250
1 0.840199 0.165625 0.044034 0.056250
1 0.850142 0.138542 0.026989 0.043750
2 0.802557 0.106250 0.028409 0.062500
2 0.908381 0.097917 0.018466 0.050000
1 0.833807 0.115625 0.022727 0.035417
1 0.870739 0.117708 0.031250 0.043750
