0 0.739347 0.205208 0.035511 0.081250
0 0.701705 0.213542 0.022727 0.077083
0 0.564631 0.230208 0.046875 0.081250
0 0.960227 0.126042 0.017045 0.043750
0 0.431818 0.261458 0.065341 0.093750
2 0.793324 0.115625 0.044034 0.056250
2 0.915483 0.107292 0.038352 0.064583
2 0.816051 0.175000 0.069602 0.108333
1 0.870028 0.127083 0.032670 0.045833
1 0.905540 0.161458 0.041193 0.072917
1 0.772017 0.137500 0.041193 0.058333
1 0.756392 0.385417 0.137784 0.187500
1 0.661222 0.296875 0.100852 0.131250
1 0.328125 0.493750 0.272727 0.333333
1 0.317472 0.346875 0.197443 0.185417
