1 0.107955 0.482292 0.213068 0.181250
4 0.268466 0.641667 0.534091 0.558333
0 0.267045 0.352083 0.059659 0.150000
0 0.370739 0.348958 0.062500 0.110417
0 0.526989 0.344792 0.051136 0.118750
0 0.716619 0.213542 0.024148 0.081250
1 0.682528 0.544792 0.177557 0.256250
1 0.561080 0.245833 0.088068 0.095833
1 0.879261 0.225000 0.062500 0.095833
4 0.816051 0.171875 0.083807 0.122917
1 0.767045 0.135417 0.034091 0.054167
0 0.419744 0.279167 0.061080 0.066667
1 0.917614 0.138542 0.034091 0.052083
1 0.870739 0.117708 0.031250 0.035417
1 0.950284 0.116667 0.031250 0.050000
