1 0.735795 0.422917 0.139205 0.191667
1 0.494318 0.401042 0.164773 0.206250
1 0.332386 0.365625 0.161932 0.147917
0 0.415483 0.292708 0.044034 0.110417
1 0.559659 0.245833 0.093750 0.100000
0 0.658381 0.227083 0.032670 0.083333
4 0.794744 0.189583 0.123580 0.150000
1 0.929688 0.307292 0.072443 0.143750
1 0.889205 0.194792 0.048295 0.068750
1 0.916903 0.132292 0.035511 0.052083
1 0.957386 0.131250 0.036932 0.050000
4 0.877131 0.098958 0.035511 0.072917
0 0.841619 0.104167 0.018466 0.033333
0 0.426847 0.264583 0.058239 0.041667
