0 0.166903 0.439583 0.086648 0.170833
0 0.186790 0.354167 0.061080 0.116667
0 0.514205 0.322917 0.042614 0.112500
0 0.420455 0.272917 0.056818 0.075000
1 0.564631 0.251042 0.089489 0.093750
1 0.749290 0.414583 0.112216 0.179167
1 0.877841 0.233333 0.059659 0.100000
1 0.914773 0.153125 0.039773 0.060417
1 0.850142 0.143750 0.032670 0.058333
1 0.764915 0.143750 0.038352 0.045833
1 0.794744 0.123958 0.029830 0.043750
1 0.843750 0.107292 0.025568 0.027083
1 0.872159 0.127083 0.019886 0.037500
1 0.918324 0.108333 0.029830 0.029167
4 0.726562 0.238542 0.169034 0.193750
