1 0.242188 0.888542 0.478693 0.222917
1 0.254261 0.409375 0.193182 0.189583
0 0.366477 0.313542 0.051136 0.122917
4 0.706676 0.271875 0.203125 0.222917
0 0.576705 0.272917 0.031250 0.095833
0 0.741477 0.182292 0.025568 0.039583
0 0.821023 0.132292 0.017045 0.039583
1 0.561080 0.246875 0.085227 0.106250
0 0.423295 0.276042 0.053977 0.077083
1 0.877131 0.228125 0.066761 0.089583
1 0.960938 0.182292 0.044034 0.068750
1 0.916193 0.141667 0.034091 0.045833
1 0.776278 0.135417 0.035511 0.045833
1 0.916903 0.105208 0.024148 0.031250
4 0.865057 0.118750 0.045455 0.079167
1 0.942472 0.103125 0.021307 0.035417
