0 0.039062 0.487500 0.075284 0.183333
0 0.164773 0.380208 0.076705 0.172917
0 0.323864 0.425000 0.073864 0.175000
0 0.420455 0.281250 0.059659 0.070833
4 0.635653 0.313542 0.251420 0.285417
1 0.845170 0.266667 0.068182 0.100000
1 0.902699 0.184375 0.046875 0.064583
1 0.833097 0.161458 0.038352 0.064583
1 0.762074 0.145833 0.035511 0.062500
1 0.916903 0.130208 0.032670 0.035417
1 0.861506 0.146875 0.026989 0.052083
1 0.794034 0.123958 0.028409 0.056250
1 0.840909 0.113542 0.025568 0.031250
2 0.873580 0.110417 0.031250 0.037500
