2 0.342330 0.533333 0.238636 0.283333
4 0.822443 0.165625 0.093750 0.127083
1 0.860085 0.495833 0.140625 0.258333
1 0.477273 0.769792 0.315341 0.431250
1 0.362216 0.345833 0.153409 0.150000
1 0.637784 0.298958 0.099432 0.143750
1 0.561080 0.247917 0.088068 0.095833
1 0.863636 0.240625 0.062500 0.085417
1 0.911932 0.147917 0.042614 0.054167
1 0.963778 0.154167 0.038352 0.062500
0 0.685369 0.208333 0.026989 0.070833
1 0.772727 0.134375 0.028409 0.047917
0 0.443182 0.282292 0.042614 0.110417
0 0.410511 0.266667 0.031250 0.037500
