1 0.150568 0.684375 0.298295 0.435417
1 0.294034 0.381250 0.187500 0.166667
0 0.395597 0.302083 0.044034 0.129167
1 0.559659 0.250000 0.088068 0.112500
0 0.630682 0.252083 0.039773 0.087500
4 0.759943 0.214583 0.147727 0.175000
1 0.833807 0.296875 0.085227 0.135417
1 0.953125 0.229167 0.051136 0.108333
1 0.907670 0.169792 0.036932 0.056250
1 0.917614 0.116667 0.028409 0.054167
1 0.950994 0.116667 0.029830 0.041667
4 0.870739 0.103125 0.042614 0.077083
0 0.835938 0.117708 0.015625 0.035417
1 0.779119 0.132292 0.029830 0.047917
0 0.436080 0.283333 0.036932 0.058333
