1 0.298295 0.893750 0.392045 0.212500
1 0.063210 0.555208 0.123580 0.239583
0 0.264205 0.531250 0.090909 0.195833
0 0.280540 0.392708 0.069602 0.139583
0 0.213778 0.361458 0.075284 0.156250
0 0.420455 0.280208 0.056818 0.068750
1 0.560369 0.247917 0.089489 0.095833
0 0.638494 0.257292 0.032670 0.089583
4 0.778409 0.195833 0.119318 0.150000
1 0.824574 0.322917 0.095170 0.133333
1 0.904119 0.181250 0.049716 0.070833
1 0.860795 0.129167 0.025568 0.054167
1 0.916193 0.121875 0.031250 0.043750
1 0.946023 0.105208 0.022727 0.035417
1 0.794744 0.115625 0.029830 0.031250
1 0.848722 0.100000 0.021307 0.033333
