1 0.270597 0.569792 0.282670 0.318750
1 0.735795 0.435417 0.136364 0.175000
1 0.909091 0.465625 0.127841 0.189583
1 0.411222 0.320833 0.137784 0.129167
1 0.571733 0.290625 0.100852 0.114583
1 0.690341 0.296875 0.090909 0.118750
1 0.737216 0.178125 0.051136 0.060417
1 0.781250 0.133333 0.039773 0.050000
2 0.833807 0.258333 0.082386 0.145833
2 0.963778 0.188542 0.066761 0.122917
2 0.784091 0.217708 0.056818 0.089583
4 0.870028 0.106250 0.044034 0.087500
0 0.826705 0.115625 0.014205 0.039583
0 0.496449 0.279167 0.038352 0.087500
