0 0.026278 0.588542 0.049716 0.214583
4 0.418324 0.486458 0.487216 0.497917
0 0.149148 0.381250 0.056818 0.170833
0 0.426847 0.254167 0.049716 0.050000
1 0.564631 0.216667 0.080966 0.041667
1 0.664062 0.257292 0.066761 0.106250
1 0.760653 0.147917 0.038352 0.066667
1 0.789773 0.120833 0.031250 0.045833
1 0.806108 0.187500 0.049716 0.079167
1 0.843750 0.163542 0.036932 0.047917
1 0.891335 0.207292 0.052557 0.068750
1 0.911222 0.151042 0.035511 0.052083
1 0.831676 0.128125 0.024148 0.035417
2 0.867188 0.130208 0.038352 0.047917
1 0.918324 0.113542 0.032670 0.031250
