1 0.272017 0.392708 0.214489 0.177083
1 0.411932 0.321875 0.136364 0.127083
1 0.749290 0.383333 0.123580 0.162500
1 0.924006 0.246875 0.061080 0.081250
1 0.809659 0.188542 0.051136 0.072917
1 0.890625 0.186458 0.045455 0.068750
1 0.771307 0.140625 0.034091 0.039583
1 0.801847 0.121875 0.024148 0.035417
1 0.835227 0.125000 0.031250 0.041667
1 0.874290 0.125000 0.024148 0.041667
1 0.911222 0.138542 0.024148 0.035417
0 0.946733 0.110417 0.015625 0.037500
0 0.775568 0.146875 0.017045 0.052083
0 0.564631 0.228125 0.032670 0.068750
