1 0.268466 0.843750 0.477273 0.312500
1 0.142045 0.703125 0.281250 0.456250
1 0.269176 0.395833 0.205966 0.170833
1 0.410511 0.328125 0.139205 0.131250
1 0.871449 0.334375 0.095170 0.127083
1 0.867898 0.226042 0.062500 0.081250
1 0.855114 0.142708 0.036932 0.047917
1 0.907670 0.158333 0.036932 0.050000
1 0.770597 0.142708 0.032670 0.043750
1 0.803267 0.123958 0.024148 0.031250
1 0.834517 0.117708 0.021307 0.039583
1 0.877841 0.106250 0.017045 0.033333
0 0.958097 0.131250 0.007102 0.016667
0 0.799006 0.145833 0.018466 0.050000
0 0.823153 0.125000 0.012784 0.041667
0 0.566761 0.230208 0.039773 0.068750
