1 0.269176 0.395833 0.211648 0.170833
1 0.409801 0.322917 0.140625 0.129167
1 0.651278 0.302083 0.103693 0.137500
1 0.822443 0.289583 0.079545 0.116667
1 0.736506 0.520833 0.171875 0.220833
1 0.768466 0.140625 0.034091 0.043750
1 0.892045 0.189583 0.045455 0.058333
1 0.802557 0.122917 0.025568 0.037500
1 0.838068 0.114583 0.025568 0.029167
1 0.871449 0.115625 0.024148 0.039583
0 0.963778 0.140625 0.018466 0.043750
0 0.808949 0.136458 0.015625 0.039583
0 0.827415 0.125000 0.012784 0.033333
2 0.907670 0.139583 0.042614 0.062500
0 0.565341 0.228125 0.034091 0.068750
