1 0.272017 0.390625 0.205966 0.172917
1 0.409801 0.320833 0.137784 0.120833
1 0.786222 0.178125 0.044034 0.064583
1 0.899858 0.183333 0.041193 0.066667
1 0.769176 0.140625 0.032670 0.039583
1 0.804688 0.125000 0.029830 0.041667
1 0.862216 0.138542 0.031250 0.052083
1 0.914773 0.122917 0.028409 0.045833
1 0.936790 0.107292 0.021307 0.031250
1 0.878551 0.102083 0.021307 0.037500
1 0.844460 0.102083 0.024148 0.037500
1 0.911222 0.095833 0.021307 0.029167
0 0.683949 0.191667 0.021307 0.058333
0 0.761364 0.152083 0.017045 0.050000
0 0.563210 0.227083 0.035511 0.062500
