1 0.504972 0.426042 0.149148 0.189583
1 0.268466 0.394792 0.204545 0.168750
1 0.414773 0.320833 0.133523 0.125000
1 0.864347 0.253125 0.069602 0.089583
1 0.814631 0.154167 0.035511 0.054167
1 0.915483 0.143750 0.029830 0.045833
1 0.768466 0.143750 0.031250 0.045833
1 0.801136 0.120833 0.022727 0.033333
1 0.849432 0.094792 0.019886 0.027083
1 0.869318 0.118750 0.022727 0.033333
1 0.911932 0.108333 0.019886 0.029167
1 0.941761 0.116667 0.025568 0.037500
0 0.693182 0.186458 0.022727 0.064583
0 0.781250 0.148958 0.019886 0.043750
0 0.563210 0.228125 0.038352 0.064583
