1 0.652699 0.501042 0.174716 0.206250
1 0.269886 0.393750 0.207386 0.175000
1 0.416903 0.317708 0.140625 0.122917
1 0.767756 0.140625 0.032670 0.047917
1 0.801136 0.120833 0.019886 0.037500
1 0.862216 0.135417 0.034091 0.054167
1 0.910511 0.121875 0.022727 0.031250
1 0.845170 0.102083 0.022727 0.033333
1 0.882812 0.078125 0.018466 0.027083
2 0.808949 0.270833 0.098011 0.145833
0 0.953835 0.216667 0.026989 0.075000
0 0.821023 0.120833 0.017045 0.045833
3 0.908381 0.070833 0.029830 0.050000
0 0.566761 0.225000 0.036932 0.066667
