1 0.339489 0.911458 0.386364 0.177083
1 0.264915 0.395833 0.223011 0.183333
1 0.414062 0.322917 0.134943 0.137500
1 0.731534 0.407292 0.133523 0.177083
1 0.860085 0.233333 0.061080 0.083333
1 0.784801 0.201042 0.058239 0.081250
1 0.769886 0.143750 0.034091 0.045833
1 0.800426 0.119792 0.029830 0.035417
1 0.840199 0.113542 0.026989 0.043750
2 0.890625 0.168750 0.051136 0.079167
0 0.965909 0.161458 0.022727 0.056250
1 0.914062 0.093750 0.026989 0.033333
0 0.828125 0.120833 0.017045 0.037500
0 0.564631 0.226042 0.038352 0.068750
